tree
version=v4
num_class=1
num_tree_per_iteration=1
label_index=0
max_feature_idx=44
objective=quantile
feature_names=memory_usage network_rx network_tx disk_iops request_rate pod_count hour_of_day day_of_week is_weekend minute_of_hour rolling_mean_15min rolling_std_15min rolling_mean_60min rolling_std_60min cpu_rolling_mean_15 cpu_rolling_std_15 cpu_rolling_mean_60 cpu_rolling_std_60 lag_1 cpu_lag_1 lag_2 cpu_lag_2 lag_3 cpu_lag_3 lag_4 cpu_lag_4 lag_5 cpu_lag_5 lag_6 cpu_lag_6 lag_7 cpu_lag_7 lag_8 cpu_lag_8 lag_9 cpu_lag_9 lag_10 cpu_lag_10 cpu_rate_of_change mem_rolling_mean_15min mem_rolling_std_15min mem_rolling_mean_60min mem_rolling_std_60min memory_rate_of_change cpu_memory_ratio
feature_infos=[0.27479999999999999:0.7752] [33138.699999999997:492250.90000000002] [117811.8:1468728.7] [7.9000000000000004:37.899999999999999] [17.18:220.16] [1:5] none none none [2:59] [0.41232142857142856:0.50714210526315784] [0.12416475240320166:0.24100984267642964] [0.41232142857142856:0.45739832635983263] [0.1388247307753151:0.18105107153231803] [0.41232142857142856:0.50714210526315784] [0.12416475240320166:0.24100984267642964] [0.41232142857142856:0.45739832635983263] [0.1388247307753151:0.18105107153231803] [0.14180000000000001:1.0570999999999999] [0.14180000000000001:1.0570999999999999] [0.14180000000000001:1.0012000000000001] [0.14180000000000001:1.0012000000000001] [0.14180000000000001:1.0570999999999999] [0.14180000000000001:1.0570999999999999] [0.187:1.0570999999999999] [0.187:1.0570999999999999] [0.14180000000000001:1.0570999999999999] [0.14180000000000001:1.0570999999999999] [0.14180000000000001:1.0012000000000001] [0.14180000000000001:1.0012000000000001] [0.14180000000000001:1.0570999999999999] [0.14180000000000001:1.0570999999999999] [0.187:1.0570999999999999] [0.187:1.0570999999999999] [0.14180000000000001:1.0570999999999999] [0.14180000000000001:1.0570999999999999] [0.14180000000000001:1.0012000000000001] [0.14180000000000001:1.0012000000000001] [-0.64039999999999997:0.85370000000000001] [0.48155862068965516:0.5056090909090909] [0.13994392130072159:0.17045571538992438] [0.48463571428571434:0.5056090909090909] [0.14260814400118055:0.17045571538992438] [-0.39200000000000002:0.46789999999999998] [0.58291770391858566:2.0724137876063291]
tree_sizes=865 822 890 817 896 895 893 903 901 910 832 827 742 910 831 905 832 911 827 919

Tree=0
num_leaves=9
num_cat=0
split_feature=0 10 0 9 44 32 43 9
split_gain=19.0711 3.09179 2.5499 2.66614 1.47201 0.871111 0.577778 0.254348
threshold=0.5051500000000001 0.45703718843469598 0.34595000000000004 46.500000000000007 0.82069239536740779 0.42410000000000009 0.12670000000000001 27.500000000000004
decision_type=2 2 2 2 2 2 2 2
left_child=2 6 7 4 -4 -6 -2 -1
right_child=1 -3 3 -5 5 -7 -8 -9
leaf_value=0.40435199379920961 0.42405599355697632 0.41898399353027344 0.4169399929046631 0.42185999393463136 0.41431199312210082 0.41806799411773682 0.43331599473953247 0.40857199430465696
leaf_weight=20 20 20 21 21 20 25 52 26
leaf_count=20 20 20 21 21 20 25 52 26
internal_value=0.419322 0.447326 0.399951 0.408006 0.400106 0.391944 0.455056 0.384717
internal_weight=225 92 133 87 66 45 72 46
internal_count=225 92 133 87 66 45 72 46
is_linear=0
shrinkage=1


Tree=1
num_leaves=8
num_cat=0
split_feature=0 10 0 9 12 22 9
split_gain=17.9051 2.90157 2.75524 2.47231 1.34732 0.789141 0.254348
threshold=0.5051500000000001 0.45703718843469598 0.34595000000000004 46.500000000000007 0.4430164941338855 0.27995000000000009 27.500000000000004
decision_type=2 2 2 2 2 2 2
left_child=2 5 6 4 -4 -2 -1
right_child=1 -3 3 -5 -6 -7 -8
leaf_value=-0.013936159563064576 0.0040947208881378172 -0.0004747198104858397 -0.0042409601211547843 0.0021712005615234366 -0.00061343927383422875 0.012494721221923829 -0.010053759098052976
leaf_weight=20 22 20 39 21 27 50 26
leaf_count=20 22 20 39 21 27 50 26
internal_value=-0.000177778 0.0269565 -0.0189474 -0.0105747 -0.0181818 0.0344444 -0.0347826
internal_weight=225 92 133 87 66 72 46
internal_count=225 92 133 87 66 72 46
is_linear=0
shrinkage=0.08


Tree=2
num_leaves=9
num_cat=0
split_feature=0 0 10 10 20 20 28 9
split_gain=16.1877 3.39377 2.4 1.9798 1.7679 1.44643 0.3 0.254348
threshold=0.52015000000000011 0.34595000000000004 0.45649657894736845 0.4438591466978376 0.31215000000000004 0.39120000000000005 0.51125000000000009 27.500000000000004
decision_type=2 2 2 2 2 2 2 2
left_child=1 7 6 4 -3 -5 -2 -1
right_child=2 3 -4 5 -6 -7 -8 -9
leaf_value=-0.012821266798019409 0.012155143371582029 -0.0059381629753112808 0.0028192580547332781 0.0030016900119781489 -0.00015110982131958162 -0.0007203637924194339 0.006773541704177855 -0.0092494583702087407
leaf_weight=20 40 23 20 28 20 28 20 26
leaf_count=20 40 23 20 28 20 28 20 26
internal_value=-0.000888889 -0.0168276 0.028 -0.00848485 -0.0213953 0.00142857 0.036 -0.0347826
internal_weight=225 145 80 99 43 56 60 46
internal_count=225 145 80 99 43 56 60 46
is_linear=0
shrinkage=0.08


Tree=3
num_leaves=8
num_cat=0
split_feature=43 0 9 28 10 20 9
split_gain=15.6613 3.73807 1.78801 1.71506 2.0004 1.14219 0.1
threshold=0.12670000000000001 0.33910000000000007 46.500000000000007 0.31960000000000005 0.44132543859649126 0.47460000000000008 32.500000000000007
decision_type=2 2 2 2 2 2 2
left_child=1 6 3 -3 -5 -2 -1
right_child=5 2 -4 4 -6 -7 -8
leaf_value=-0.012799565164260862 0.011278733526916503 -0.0043672324824523927 0.0016853692889404303 0.0033289786611175542 -0.0010147346871185326 0.0089492590472412068 -0.0080975024749755861
leaf_weight=20 40 36 27 20 36 26 20
leaf_count=20 40 36 27 20 36 26 20
internal_value=-0.00124444 -0.0148428 -0.00773109 -0.0130435 -0.00428571 0.0315152 -0.036
internal_weight=225 159 119 92 56 66 40
internal_count=225 159 119 92 56 66 40
is_linear=0
shrinkage=0.08


Tree=4
num_leaves=9
num_cat=0
split_feature=0 0 9 11 12 40 38 9
split_gain=14.8294 3.1707 1.53894 1.829 1.40356 1.17836 0.393765 0.1
threshold=0.52720000000000011 0.33910000000000007 46.500000000000007 0.15869325834899925 0.44880986196748884 0.14330579092485327 0.30520000000000008 32.500000000000007
decision_type=2 2 2 2 2 2 2 2
left_child=1 7 3 5 6 -3 -2 -1
right_child=4 2 -4 -5 -6 -7 -8 -9
leaf_value=-0.011775599951119995 0.0066552305524047832 -0.0011855560056091318 0.0015505397458251968 -0.0035167337456878632 0.0042787895453857416 0.0016810922671783436 0.010833612237036131 -0.0074497022769775389
leaf_weight=20 23 34 23 28 21 26 30 20
leaf_count=20 23 34 23 28 21 26 30 20
internal_value=-0.00231111 -0.0166887 -0.00972973 -0.0145455 0.027027 -0.00666667 0.0339623 -0.036
internal_weight=225 151 111 88 74 60 53 40
internal_count=225 151 111 88 74 60 53 40
is_linear=0
shrinkage=0.08


Tree=5
num_leaves=9
num_cat=0
split_feature=43 0 26 42 18 22 0 9
split_gain=13.9349 3.76684 1.75144 1.96826 1.29643 1.07714 0.492308 0.1
threshold=0.10804999999999999 0.33910000000000007 0.6412000000000001 0.14568288313774655 0.51445000000000007 0.43745000000000006 0.69495000000000007 32.500000000000007
decision_type=2 2 2 2 2 2 2 2
left_child=1 7 3 4 -3 6 -2 -1
right_child=5 2 -4 -5 -6 -7 -8 -9
leaf_value=-0.010833551955030397 0.0035147202781287824 -0.0011227120668474112 -0.0054998543629724093 0.0038682614007539053 0.0020991868673369131 0.0040214301267683132 0.012643308546977051 -0.0068537260948193348
leaf_weight=20 20 35 30 27 21 20 32 20
leaf_count=20 20 35 30 27 21 20 32 20
internal_value=-0.00124444 -0.014902 -0.00743363 -0.00144578 -0.01 0.0277778 0.0338462 -0.036
internal_weight=225 153 113 83 56 72 52 40
internal_count=225 153 113 83 56 72 52 40
is_linear=0
shrinkage=0.08


Tree=6
num_leaves=9
num_cat=0
split_feature=0 0 20 9 13 34 18 9
split_gain=13.2276 2.98235 2.97546 2.28667 1.14187 1.25366 0.811404 0.1
threshold=0.50835000000000008 0.33910000000000007 0.51965000000000006 46.500000000000007 0.15446595316205133 0.51800000000000013 0.24840000000000004 32.500000000000007
decision_type=2 2 2 2 2 2 2 2
left_child=1 7 6 4 5 -3 -2 -1
right_child=2 3 -4 -5 -6 -7 -8 -9
leaf_value=-0.0099668677986279649 0.0042415239018716005 -0.001206087972028067 0.00058491123396390513 0.0017384851326347173 -0.0036930519153569241 0.0032980289548532847 0.011121759343592181 -0.0063054280072337892
leaf_weight=20 20 25 32 21 29 21 37 20
leaf_count=20 20 25 32 21 29 21 37 20
internal_value=-0.00195556 -0.0176471 0.0220225 -0.01 -0.0165333 -0.00869565 0.0329825 -0.036
internal_weight=225 136 89 96 75 46 57 40
internal_count=225 136 89 96 75 46 57 40
is_linear=0
shrinkage=0.08


Tree=7
num_leaves=9
num_cat=0
split_feature=43 20 0 10 43 10 18 10
split_gain=13.1883 2.50134 2.22482 1.70669 1.76333 1.23679 0.778302 0.225
threshold=0.062550000000000008 0.51445000000000007 0.33910000000000007 0.4438591466978376 -0.22599999999999995 0.44592288135593228 0.24840000000000004 0.44182750000000004
decision_type=2 2 2 2 2 2 2 2
left_child=2 6 7 -4 -5 -3 -2 -1
right_child=1 5 3 4 -6 -7 -8 -9
leaf_value=-0.0058009937666550875 0.0039022019897218718 0.0026336158199778683 -0.002867962812702649 0.0027887961254776375 -0.0018463782685563435 -0.00035022441406018512 0.010216923976327216 -0.0092352561899056961
leaf_weight=20 20 26 36 30 20 20 33 20
leaf_count=20 20 26 36 30 20 20 33 20
internal_value=-0.00124444 0.0206061 -0.0184127 -0.0111628 -0.0016 0.00695652 0.0324528 -0.034
internal_weight=225 99 126 86 50 46 53 40
internal_count=225 99 126 86 50 46 53 40
is_linear=0
shrinkage=0.08


Tree=8
num_leaves=9
num_cat=0
split_feature=43 0 26 42 34 4 26 10
split_gain=13.0909 3.20076 1.57895 2.14143 2.00924 1.70439 1.18692 0.225
threshold=0.16565000000000005 0.33910000000000007 0.6412000000000001 0.14588796841686644 0.52960000000000018 88.500000000000014 0.24000000000000002 0.44182750000000004
decision_type=2 2 2 2 2 2 2 2
left_child=1 7 3 4 5 -3 -2 -1
right_child=6 2 -4 -5 -6 -7 -8 -9
leaf_value=-0.0053369142653226787 0.0030482176452993714 -0.0015961839146260372 -0.0048190421718874886 0.0028795625832399407 0.0034130121931443204 -4.258452502053256e-05 0.0093573778944209939 -0.0084964356947132419
leaf_weight=20 22 22 30 29 21 23 38 20
leaf_count=20 22 22 30 29 21 23 38 20
internal_value=-0.00266667 -0.014303 -0.008 -0.00294737 -0.0109091 -0.0204444 0.0293333 -0.034
internal_weight=225 165 125 95 66 45 60 40
internal_count=225 165 125 95 66 45 60 40
is_linear=0
shrinkage=0.08


Tree=9
num_leaves=9
num_cat=0
split_feature=43 0 44 39 26 30 43 10
split_gain=12.3145 3.00603 1.41255 1.88033 1.36762 0.843573 0.503534 0.4
threshold=0.32915000000000011 0.33910000000000007 0.85330981698301567 0.49221991833030859 0.24000000000000002 0.30980000000000002 -0.18734999999999996 0.44182750000000004
decision_type=2 2 2 2 2 2 2 2
left_child=1 7 5 -4 -2 -3 -5 -1
right_child=4 2 3 6 -6 -7 -8 -9
leaf_value=-0.0049099611240968647 0.0028043602336754203 0.0034206605138098925 -0.0019084843264720597 0.00049564174876161489 0.0086660744464449515 -0.00098354784271134752 -0.0006610030890827856 -0.0078167208391361816
leaf_weight=20 22 20 23 22 35 34 29 20
leaf_count=20 22 20 23 22 35 34 29 20
internal_value=-0.00195556 -0.0128571 -0.006875 -0.0140541 0.0301754 0.00296296 -0.0054902 -0.032
internal_weight=225 168 128 74 57 54 51 40
internal_count=225 168 128 74 57 54 51 40
is_linear=0
shrinkage=0.08


Tree=10
num_leaves=8
num_cat=0
split_feature=43 43 20 10 22 30 0
split_gain=11.3096 2.41429 1.94722 1.49693 1.10806 1.70068 0.118367
threshold=0.062550000000000008 -0.28749999999999992 0.46675000000000005 0.4520441071428572 0.41090000000000004 0.6412000000000001 0.33910000000000007
decision_type=2 2 2 2 2 2 2
left_child=1 -1 -2 -4 -3 6 -6
right_child=2 4 3 -5 5 -7 -8
leaf_value=0.00028188059585761095 0.0058093103673262725 -0.00077236389238431345 0.0031006465772320489 -0.0002239491548661121 -0.0071256453568373157 -0.0014091197454892956 -0.0036806822891010962
leaf_weight=30 37 26 37 25 29 21 20
leaf_count=30 37 26 37 25 29 21 20
internal_value=-0.00124444 -0.0171429 0.0189899 0.0103226 -0.0233333 -0.0285714 -0.0367347
internal_weight=225 126 99 62 96 70 49
internal_count=225 126 99 62 96 70 49
is_linear=0
shrinkage=0.08


Tree=11
num_leaves=8
num_cat=0
split_feature=43 0 10 28 36 30 41
split_gain=9.53685 2.83117 1.71538 2.60983 2.34056 1.58113 1.47142
threshold=0.32915000000000011 0.39210000000000006 0.4438591466978376 0.4845000000000001 0.38025000000000003 0.6412000000000001 0.49374817453073538
decision_type=2 2 2 2 2 2 2
left_child=1 5 3 -3 -4 -1 -2
right_child=6 2 4 -5 -6 -7 -8
leaf_value=-0.0055503831225104409 0.01472363068974466 -0.0041953904596330107 0.004321410627914142 0.0012859363051338924 -0.00048233264719139247 -0.0014484122213625473 0.0024731184955466647
leaf_weight=38 26 25 22 24 39 20 31
leaf_count=38 26 25 22 24 39 20 31
internal_value=-0.00231111 -0.0119048 -0.00436364 -0.0155102 0.00459016 -0.0262069 0.0259649
internal_weight=225 168 110 49 61 58 57
internal_count=225 168 110 49 61 58 57
is_linear=0
shrinkage=0.08


Tree=12
num_leaves=7
num_cat=0
split_feature=43 0 30 26 11 40
split_gain=9.09091 2.67809 1.58113 1.51866 1.3232 1.94595
threshold=0.16565000000000005 0.39210000000000006 0.6412000000000001 0.24000000000000002 0.17921853951314828 0.14330579092485327
decision_type=2 2 2 2 2 2
left_child=1 2 -1 -2 5 -3
right_child=3 4 -4 -5 -6 -7
leaf_value=-0.0051063524727096056 0.001917417105951551 -0.0004437460354160816 -0.0013325392436535433 0.0072529073981218821 -0.0015850826895565896 0.0020155702676453082
leaf_weight=38 22 37 20 38 33 37
leaf_count=38 22 37 20 38 33 37
internal_value=-0.00266667 -0.0123636 -0.0262069 0.024 -0.00485981 0.00108108
internal_weight=225 165 58 60 107 74
internal_count=225 165 58 60 107 74
is_linear=0
shrinkage=0.08


Tree=13
num_leaves=9
num_cat=0
split_feature=43 0 26 30 10 28 28 22
split_gain=9.31098 2.46667 1.6733 1.58113 1.2969 2.60983 1.50092 1.0741
threshold=0.32915000000000011 0.39210000000000006 0.24000000000000002 0.6412000000000001 0.4438591466978376 0.4845000000000001 0.60600000000000009 0.41710000000000008
decision_type=2 2 2 2 2 2 2 2
left_child=1 3 -2 -1 5 -3 7 -6
right_child=2 4 -4 -5 6 -7 -8 -9
leaf_value=-0.0046978442748928356 0.0017640237374754286 -0.0037329526076978416 0.0072126223516251597 -0.0012259361041612581 0.0046997129360564303 0.0010218157793115547 -0.0011447102522497367 -4.4672112423604919e-05
leaf_weight=38 22 25 35 20 20 24 20 21
leaf_count=38 22 25 35 20 20 24 20 21
internal_value=-0.00337778 -0.0128571 0.0245614 -0.0262069 -0.00581818 -0.0155102 0.00196721 0.0107317
internal_weight=225 168 57 58 110 49 61 41
internal_count=225 168 57 58 110 49 61 41
is_linear=0
shrinkage=0.08


Tree=14
num_leaves=8
num_cat=0
split_feature=43 0 26 30 44 39 9
split_gain=9.07551 2.14422 1.6733 1.35064 1.21924 1.77715 0.661172
threshold=0.32915000000000011 0.39210000000000006 0.24000000000000002 0.6412000000000001 0.86737129884098663 0.49234938596491234 26.500000000000004
decision_type=2 2 2 2 2 2 2
left_child=1 3 -2 -1 6 -6 -3
right_child=2 4 -4 -5 5 -7 -8
leaf_value=-0.0043220167329014085 0.0016229018384773953 -0.0011455216784428601 0.0066356125634951454 -0.0011278612158283562 -0.00084639292794105533 -0.00021978966447079086 0.0018289802278041822
leaf_weight=38 22 24 35 20 21 37 28
leaf_count=38 22 24 35 20 21 37 28
internal_value=-0.00302222 -0.012381 0.0245614 -0.0248276 -0.00581818 -0.0137931 0.00307692
internal_weight=225 168 57 58 110 58 52
internal_count=225 168 57 58 110 58 52
is_linear=0
shrinkage=0.08


Tree=15
num_leaves=9
num_cat=0
split_feature=43 26 0 11 40 9 26 10
split_gain=7.52282 2.13342 1.5003 1.47962 1.58904 2.52323 2.03368 0.4
threshold=0.32915000000000011 0.24000000000000002 0.33910000000000007 0.17921853951314828 0.14330579092485327 11.500000000000002 0.49095000000000005 0.44182750000000004
decision_type=2 2 2 2 2 2 2 2
left_child=2 -2 7 4 6 -6 -4 -1
right_child=1 -3 3 -5 5 -7 -8 -9
leaf_value=-0.002372984877380988 0.0014930696913992049 0.0061047635584155378 -0.00094879103410310699 -0.0016361953587243883 -0.00034959402285489549 0.0032715604347076169 0.00089310508640647599 -0.0057318011136531987
leaf_weight=20 22 35 22 36 27 22 21 20
leaf_count=20 22 35 22 36 27 22 21 20
internal_value=-0.00195556 0.0231579 -0.0104762 -0.00625 -0.000869565 0.00897959 -0.012093 -0.024
internal_weight=225 57 168 128 92 49 43 40
internal_count=225 57 168 128 92 49 43 40
is_linear=0
shrinkage=0.08


Tree=16
num_leaves=8
num_cat=0
split_feature=0 41 9 40 43 28 34
split_gain=7.19627 2.23457 3.78409 1.69823 1.61487 1.50774 1.47999
threshold=0.50835000000000008 0.49354021125624903 21.500000000000004 0.15383085298135737 -0.28749999999999992 0.57840000000000014 0.46215000000000006
decision_type=2 2 2 2 2 2 2
left_child=3 -2 -3 4 -1 6 -6
right_child=1 2 -4 -5 5 -7 -8
leaf_value=0.00012135250813075427 0.0073011879784759962 0.0026204437744926225 -0.0031512552178489628 0.0018932407791478467 -0.0045229219109569341 -0.00020215098083832485 -0.0018533688742591538
leaf_weight=23 36 30 23 20 33 22 38
leaf_count=23 36 30 23 20 33 22 38
internal_value=-0.00195556 0.0157303 0.00528302 -0.0135294 -0.0172414 -0.0219355 -0.0276056
internal_weight=225 89 53 136 116 93 71
internal_count=225 89 53 136 116 93 71
is_linear=0
shrinkage=0.08


Tree=17
num_leaves=9
num_cat=0
split_feature=0 0 13 26 3 18 13 11
split_gain=5.44535 1.76905 2.02341 1.6001 1.58762 1.24261 3.12554 1.52381
threshold=0.67745000000000011 0.34595000000000004 0.14877063478416666 0.6412000000000001 25.650000000000002 0.51995000000000002 0.14555619722674007 0.1594019966862156
decision_type=2 2 2 2 2 2 2 2
left_child=1 2 -1 5 -2 6 -3 -8
right_child=4 3 -4 -5 -6 -7 7 -9
leaf_value=-0.0053422452105323882 0.0077403771558461013 -0.00068388483570304805 -0.00084181391354009487 -0.003693510107419167 0.0010561403015593739 0.0024240096733893404 0.0016525821833201038 -0.00042426241992888248
leaf_weight=20 29 24 26 30 24 30 21 21
leaf_count=20 29 24 26 30 24 30 21 21
internal_value=-0.000533333 -0.00744186 -0.0208696 -0.00253968 0.0218868 0.0025 -0.00363636 0.00952381
internal_weight=225 172 46 126 53 96 66 42
internal_count=225 172 46 126 53 96 66 42
is_linear=0
shrinkage=0.08


Tree=18
num_leaves=8
num_cat=0
split_feature=43 41 0 13 18 39 3
split_gain=4.48035 2.40833 1.46697 2.02341 1.29796 1.20452 1.44009
threshold=0.3423000000000001 0.49354021125624903 0.34595000000000004 0.14877063478416666 0.6482500000000001 0.49221991833030859 19.750000000000004
decision_type=2 2 2 2 2 2 2
left_child=2 -2 3 -1 5 -4 -7
right_child=1 -3 4 -5 -6 6 -8
leaf_value=-0.004914865593689797 0.012427520024727171 0.00097164907743462208 -0.0005110832523198683 -0.0007744688004568867 -0.0018038370014410731 -7.824165007583428e-05 0.0015270049095619488
leaf_weight=20 24 30 36 26 30 33 26
leaf_count=20 24 30 36 26 30 33 26
internal_value=-0.00231111 0.0177778 -0.00865497 -0.0208696 -0.00416 0.000421053 0.00745763
internal_weight=225 54 171 46 125 95 59
internal_count=225 54 171 46 125 95 59
is_linear=0
shrinkage=0.08


Tree=19
num_leaves=9
num_cat=0
split_feature=43 41 13 26 13 41 11 1
split_gain=4.29723 1.95926 1.42739 3.61721 1.22523 0.919846 2.34104 0.498701
threshold=0.3423000000000001 0.49354021125624903 0.14713101489706182 0.5082000000000001 0.15341003981087598 0.49305189602722815 0.17921853951314828 171908.20000000004
decision_type=2 2 2 2 2 2 2 2
left_child=2 -2 3 -1 -4 6 -6 -7
right_child=1 -3 4 -5 5 7 -8 -9
leaf_value=-0.0029720939238326327 0.011433318422748999 0.00089391715123985141 0.00054642522733946205 0.0014532761549699892 0.0024270901736319671 -0.0030665385714155934 -0.0023011650854860032 -0.00021359542144852695
leaf_weight=39 24 30 23 20 22 22 25 20
leaf_count=39 24 30 23 20 22 22 25 20
internal_value=-0.00337778 0.0162963 -0.00959064 -0.019661 -0.00428571 -0.00853933 -0.000851064 -0.0171429
internal_weight=225 54 171 59 112 89 47 42
internal_count=225 54 171 59 112 89 47 42
is_linear=0
shrinkage=0.08


end of trees

feature_importances:
memory_usage=26
memory_rate_of_change=18
minute_of_hour=15
rolling_mean_15min=14
lag_5=11
rolling_std_60min=6
lag_2=6
lag_6=6
lag_7=6
rolling_std_15min=5
lag_1=5
mem_rolling_mean_60min=5
lag_3=4
mem_rolling_std_15min=4
lag_9=3
mem_rolling_mean_15min=3
cpu_memory_ratio=3
disk_iops=2
rolling_mean_60min=2
mem_rolling_std_60min=2
network_rx=1
request_rate=1
lag_8=1
lag_10=1
cpu_rate_of_change=1

parameters:
[boosting: gbdt]
[objective: quantile]
[metric: quantile]
[tree_learner: serial]
[device_type: cpu]
[data_sample_strategy: bagging]
[data: ]
[valid: ]
[num_iterations: 300]
[learning_rate: 0.08]
[num_leaves: 31]
[num_threads: 0]
[seed: 0]
[deterministic: 0]
[force_col_wise: 0]
[force_row_wise: 0]
[histogram_pool_size: -1]
[max_depth: -1]
[min_data_in_leaf: 20]
[min_sum_hessian_in_leaf: 0.001]
[bagging_fraction: 1]
[pos_bagging_fraction: 1]
[neg_bagging_fraction: 1]
[bagging_freq: 0]
[bagging_seed: 3]
[bagging_by_query: 0]
[feature_fraction: 1]
[feature_fraction_bynode: 1]
[feature_fraction_seed: 2]
[extra_trees: 0]
[extra_seed: 6]
[early_stopping_round: 0]
[early_stopping_min_delta: 0]
[first_metric_only: 0]
[max_delta_step: 0]
[lambda_l1: 0]
[lambda_l2: 0]
[linear_lambda: 0]
[min_gain_to_split: 0]
[drop_rate: 0.1]
[max_drop: 50]
[skip_drop: 0.5]
[xgboost_dart_mode: 0]
[uniform_drop: 0]
[drop_seed: 4]
[top_rate: 0.2]
[other_rate: 0.1]
[min_data_per_group: 100]
[max_cat_threshold: 32]
[cat_l2: 10]
[cat_smooth: 10]
[max_cat_to_onehot: 4]
[top_k: 20]
[monotone_constraints: ]
[monotone_constraints_method: basic]
[monotone_penalty: 0]
[feature_contri: ]
[forcedsplits_filename: ]
[refit_decay_rate: 0.9]
[cegb_tradeoff: 1]
[cegb_penalty_split: 0]
[cegb_penalty_feature_lazy: ]
[cegb_penalty_feature_coupled: ]
[path_smooth: 0]
[interaction_constraints: ]
[verbosity: -1]
[saved_feature_importance_type: 0]
[use_quantized_grad: 0]
[num_grad_quant_bins: 4]
[quant_train_renew_leaf: 0]
[stochastic_rounding: 1]
[linear_tree: 0]
[max_bin: 255]
[max_bin_by_feature: ]
[min_data_in_bin: 3]
[bin_construct_sample_cnt: 200000]
[data_random_seed: 1]
[is_enable_sparse: 1]
[enable_bundle: 1]
[use_missing: 1]
[zero_as_missing: 0]
[feature_pre_filter: 1]
[pre_partition: 0]
[two_round: 0]
[header: 0]
[label_column: ]
[weight_column: ]
[group_column: ]
[ignore_column: ]
[categorical_feature: ]
[forcedbins_filename: ]
[precise_float_parser: 0]
[parser_config_file: ]
[objective_seed: 5]
[num_class: 1]
[is_unbalance: 0]
[scale_pos_weight: 1]
[sigmoid: 1]
[boost_from_average: 1]
[reg_sqrt: 0]
[alpha: 0.5]
[fair_c: 1]
[poisson_max_delta_step: 0.7]
[tweedie_variance_power: 1.5]
[lambdarank_truncation_level: 30]
[lambdarank_norm: 1]
[label_gain: ]
[lambdarank_position_bias_regularization: 0]
[eval_at: ]
[multi_error_top_k: 1]
[auc_mu_weights: ]
[num_machines: 1]
[local_listen_port: 12400]
[time_out: 120]
[machine_list_filename: ]
[machines: ]
[gpu_platform_id: -1]
[gpu_device_id: -1]
[gpu_device_id_list: ]
[gpu_use_dp: 0]
[num_gpu: 1]

end of parameters

pandas_categorical:[]
