tree
version=v4
num_class=1
num_tree_per_iteration=1
label_index=0
max_feature_idx=44
objective=quantile
feature_names=memory_usage network_rx network_tx disk_iops request_rate pod_count hour_of_day day_of_week is_weekend minute_of_hour rolling_mean_15min rolling_std_15min rolling_mean_60min rolling_std_60min cpu_rolling_mean_15 cpu_rolling_std_15 cpu_rolling_mean_60 cpu_rolling_std_60 lag_1 cpu_lag_1 lag_2 cpu_lag_2 lag_3 cpu_lag_3 lag_4 cpu_lag_4 lag_5 cpu_lag_5 lag_6 cpu_lag_6 lag_7 cpu_lag_7 lag_8 cpu_lag_8 lag_9 cpu_lag_9 lag_10 cpu_lag_10 cpu_rate_of_change mem_rolling_mean_15min mem_rolling_std_15min mem_rolling_mean_60min mem_rolling_std_60min memory_rate_of_change cpu_memory_ratio
feature_infos=[0.27479999999999999:0.7752] [33138.699999999997:492250.90000000002] [117811.8:1468728.7] [7.2999999999999998:37.899999999999999] [17.18:220.16] [1:5] none none none [2:57] [0.41232142857142856:0.50008833333333336] [0.12416475240320166:0.23708278377963055] [0.41232142857142856:0.45702352941176472] [0.1388247307753151:0.18055261884332297] [0.41232142857142856:0.50008833333333336] [0.12416475240320166:0.23708278377963055] [0.41232142857142856:0.45702352941176472] [0.1388247307753151:0.18055261884332297] [0.14180000000000001:1.0570999999999999] [0.14180000000000001:1.0570999999999999] [0.14180000000000001:1.0570999999999999] [0.14180000000000001:1.0570999999999999] [0.14180000000000001:1.0570999999999999] [0.14180000000000001:1.0570999999999999] [0.14180000000000001:1.0570999999999999] [0.14180000000000001:1.0570999999999999] [0.14180000000000001:1.0570999999999999] [0.14180000000000001:1.0570999999999999] [0.14180000000000001:1.0570999999999999] [0.14180000000000001:1.0570999999999999] [0.1807:1.0570999999999999] [0.1807:1.0570999999999999] [0.1807:1.0570999999999999] [0.1807:1.0570999999999999] [0.1807:1.0185] [0.1807:1.0185] [0.1807:1.0185] [0.1807:1.0185] [-0.64039999999999997:0.85370000000000001] [0.48155862068965516:0.5056090909090909] [0.13994392130072159:0.17045571538992438] [0.48463571428571434:0.5056090909090909] [0.14260814400118055:0.17045571538992438] [-0.39200000000000002:0.45160000000000006] [0.45889967489029232:2.0724137876063291]
tree_sizes=398 412 579 582 583 499 584 586 585 585 586 585 585 579 500 578 579 582 668 579 498 661 500 662 661 748 753 665 759 751 662 737 826 829 830 664 842 750 832 671 757 753 922 756 839 756 751 755 737 753 672 836 923 750 834 923 668 752 761 591 828 753 753 768 753 746 747 822 669 676 754 742 761 756 749 837 842 752 836 755 841 748 841 841 757 739 845 764 822 850 929 836 928

Tree=0
num_leaves=3
num_cat=0
split_feature=20 43
split_gain=9.49848 1.23985
threshold=0.24285000000000004 -0.2614999999999999
decision_type=2 2
left_child=-1 -2
right_child=1 -3
leaf_value=0.23741560890443325 0.24043800928764342 0.24898680815064911
leaf_weight=22 33 167
leaf_count=22 33 167
internal_value=0.241402 0.24689
internal_weight=222 200
internal_count=222 200
is_linear=0
shrinkage=1


Tree=1
num_leaves=3
num_cat=0
split_feature=20 43
split_gain=9.63618 0.910909
threshold=0.24285000000000004 -0.2614999999999999
decision_type=2 2
left_child=-1 -2
right_child=1 -3
leaf_value=-0.0039324488537130445 -0.0011518405011596889 0.0067130544528055495
leaf_weight=22 33 167
leaf_count=22 33 167
internal_value=7.20724e-05 0.0056
internal_weight=222 200
internal_count=222 200
is_linear=0
shrinkage=0.08


Tree=2
num_leaves=5
num_cat=0
split_feature=20 43 12 0
split_gain=9.49848 0.851897 0.044012 4.44089e-16
threshold=0.24285000000000004 -0.2614999999999999 0.45069032869785086 0.52720000000000011
decision_type=2 2 2 2
left_child=-1 -2 3 -3
right_child=1 2 -4 -5
leaf_value=-0.0036178529454160002 -0.0010596932610669142 0.0053720113038730859 0.0032144109304023429 0.010944012052924609
leaf_weight=22 33 86 20 61
leaf_count=22 33 86 20 61
internal_value=-0.000288288 0.0052 0.00752096 0.008
internal_weight=222 200 167 147
internal_count=222 200 167 147
is_linear=0
shrinkage=0.08


Tree=3
num_leaves=5
num_cat=0
split_feature=20 18 12 0
split_gain=8.42079 0.607202 0.0440476 2.22045e-16
threshold=0.24285000000000004 0.62775000000000014 0.45069032869785086 0.71235000000000015
decision_type=2 2 2 2
left_child=-1 2 3 -2
right_child=1 -3 -4 -5
leaf_value=-0.0033284247097827204 0.0055662491013741631 -0.0010285177546316903 0.0029572580559701534 0.0097644907215261693
leaf_weight=22 122 32 20 26
leaf_count=22 122 32 20 26
internal_value=0.000432433 0.0056 0.00752381 0.008
internal_weight=222 200 168 148
internal_count=222 200 168 148
is_linear=0
shrinkage=0.08


Tree=4
num_leaves=5
num_cat=0
split_feature=28 18 12 0
split_gain=6.54668 0.630621 0.044012 4.44089e-16
threshold=0.25045000000000006 0.62775000000000014 0.45069032869785086 0.69795000000000018
decision_type=2 2 2 2
left_child=-1 2 3 -2
right_child=1 -3 -4 -5
leaf_value=-0.0029245507858813437 0.00501294909297676 -0.0009998362887112843 0.0027206774114925426 0.0092873318513534107
leaf_weight=24 116 31 20 31
leaf_count=24 116 31 20 31
internal_value=0.000792793 0.00557576 0.00752096 0.008
internal_weight=222 198 167 147
internal_count=222 198 167 147
is_linear=0
shrinkage=0.08


Tree=5
num_leaves=4
num_cat=0
split_feature=28 18 9
split_gain=5.48734 0.582929 0.09726
threshold=0.25045000000000006 0.62775000000000014 12.500000000000002
decision_type=2 2 2
left_child=-1 2 -2
right_child=1 -3 -4
leaf_value=-0.002690586723010837 0.0025479134994439078 -0.00091984938561438193 0.0061135137066179899
leaf_weight=24 33 31 134
leaf_count=24 33 31 134
internal_value=0.000792793 0.00517172 0.00704192
internal_weight=222 198 167
internal_count=222 198 167
is_linear=0
shrinkage=0.08


Tree=6
num_leaves=5
num_cat=0
split_feature=20 20 39 0
split_gain=5.38376 0.435123 0.665025 2.22045e-16
threshold=0.25660000000000005 0.38485000000000008 0.49258181683021113 0.34240000000000009
decision_type=2 2 2 2
left_child=-1 2 -2 -3
right_child=1 3 -4 -5
leaf_value=-0.0028254957071279481 0.0038941759699721934 0.0035700335394915641 -0.0005226215806357976 0.009045488669497722
leaf_weight=28 30 20 28 116
leaf_count=28 30 20 28 116
internal_value=0.000792793 0.00552577 -0.000275862 0.008
internal_weight=222 194 58 136
internal_count=222 194 58 136
is_linear=0
shrinkage=0.08


Tree=7
num_leaves=5
num_cat=0
split_feature=20 20 39 0
split_gain=5.38376 0.435123 0.665025 2.22045e-16
threshold=0.25660000000000005 0.38485000000000008 0.49258181683021113 0.34240000000000009
decision_type=2 2 2 2
left_child=-1 2 -2 -3
right_child=1 3 -4 -5
leaf_value=-0.0025994560505577121 0.0035826418923744184 0.0032844308563322365 -0.00048081185418493279 0.0083218495759379042
leaf_weight=28 30 20 28 116
leaf_count=28 30 20 28 116
internal_value=0.000792793 0.00552577 -0.000275862 0.008
internal_weight=222 194 58 136
internal_count=222 194 58 136
is_linear=0
shrinkage=0.08


Tree=8
num_leaves=5
num_cat=0
split_feature=20 20 39 0
split_gain=3.86896 0.435123 0.665025 2.22045e-16
threshold=0.25660000000000005 0.38485000000000008 0.49258181683021113 0.34240000000000009
decision_type=2 2 2 2
left_child=-1 2 -2 -3
right_child=1 3 -4 -5
leaf_value=-0.0023914995665130939 0.0032960305409844648 0.0030216763878256579 -0.00044234690585013897 0.0076561016098628722
leaf_weight=28 30 20 28 116
leaf_count=28 30 20 28 116
internal_value=0.00151351 0.00552577 -0.000275862 0.008
internal_weight=222 194 58 136
internal_count=222 194 58 136
is_linear=0
shrinkage=0.08


Tree=9
num_leaves=5
num_cat=0
split_feature=20 20 39 0
split_gain=3.86896 0.435123 0.665025 2.22045e-16
threshold=0.25660000000000005 0.38485000000000008 0.49258181683021113 0.34240000000000009
decision_type=2 2 2 2
left_child=-1 2 -2 -3
right_child=1 3 -4 -5
leaf_value=-0.0022001796011920454 0.0030323480977057084 0.0027799422767996076 -0.00040695915338212723 0.0070436134810738437
leaf_weight=28 30 20 28 116
leaf_count=28 30 20 28 116
internal_value=0.00151351 0.00552577 -0.000275862 0.008
internal_weight=222 194 58 136
internal_count=222 194 58 136
is_linear=0
shrinkage=0.08


Tree=10
num_leaves=5
num_cat=0
split_feature=20 20 39 0
split_gain=2.60384 0.435123 0.665025 2.22045e-16
threshold=0.25660000000000005 0.38485000000000008 0.49258181683021113 0.34240000000000009
decision_type=2 2 2 2
left_child=-1 2 -2 -3
right_child=1 3 -4 -5
leaf_value=-0.0020241652330966827 0.0027897602498892526 0.0025575468946556382 -0.00037440242111155722 0.0064801244025879355
leaf_weight=28 30 20 28 116
leaf_count=28 30 20 28 116
internal_value=0.00223423 0.00552577 -0.000275862 0.008
internal_weight=222 194 58 136
internal_count=222 194 58 136
is_linear=0
shrinkage=0.08


Tree=11
num_leaves=5
num_cat=0
split_feature=20 20 39 0
split_gain=1.5884 0.435123 0.665025 2.22045e-16
threshold=0.25660000000000005 0.38485000000000008 0.49258181683021113 0.34240000000000009
decision_type=2 2 2 2
left_child=-1 2 -2 -3
right_child=1 3 -4 -5
leaf_value=-0.0018622320144489485 0.0025665794298981104 0.0023529431430831861 -0.00034445022742263416 0.0059617144503809009
leaf_weight=28 30 20 28 116
leaf_count=28 30 20 28 116
internal_value=0.00295496 0.00552577 -0.000275862 0.008
internal_weight=222 194 58 136
internal_count=222 194 58 136
is_linear=0
shrinkage=0.08


Tree=12
num_leaves=5
num_cat=0
split_feature=20 20 39 0
split_gain=1.5884 0.435123 0.665025 2.22045e-16
threshold=0.25660000000000005 0.38485000000000008 0.49258181683021113 0.34240000000000009
decision_type=2 2 2 2
left_child=-1 2 -2 -3
right_child=1 3 -4 -5
leaf_value=-0.0017132534532930317 0.0023612530755062599 0.0021647076916365294 -0.00031689420922882358 0.0054847772943504283
leaf_weight=28 30 20 28 116
leaf_count=28 30 20 28 116
internal_value=0.00295496 0.00552577 -0.000275862 0.008
internal_weight=222 194 58 136
internal_count=222 194 58 136
is_linear=0
shrinkage=0.08


Tree=13
num_leaves=5
num_cat=0
split_feature=43 2 20 1
split_gain=1.70672 1.64804 0.189672 2.22045e-16
threshold=-0.25045000000000001 471661.50000000006 0.37815000000000004 179213.90000000005
decision_type=2 2 2 2
left_child=1 -1 -2 -4
right_child=2 -3 3 -5
leaf_value=0.00025558367476535333 0.0012549471713731344 -0.0019649586844872882 0.0041358824874438826 0.0045479129532259334
leaf_weight=34 37 20 73 58
leaf_count=34 37 20 73 58
internal_value=0.00259459 -0.00977778 0.00657143 0.008
internal_weight=222 54 168 131
internal_count=222 54 168 131
is_linear=0
shrinkage=0.08


Tree=14
num_leaves=4
num_cat=0
split_feature=20 43 9
split_gain=1.5884 0.409958 0.100904
threshold=0.25660000000000005 -0.2614999999999999 12.500000000000002
decision_type=2 2 2
left_child=-1 -2 -3
right_child=1 2 -4
leaf_value=-0.0014189964822706052 -0.00011218313109354025 0.0022422211202634459 0.0030961399744578915
leaf_weight=28 28 32 134
leaf_count=28 28 32 134
internal_value=0.00295496 0.00552577 0.00703614
internal_weight=222 194 166
internal_count=222 194 166
is_linear=0
shrinkage=0.08


Tree=15
num_leaves=5
num_cat=0
split_feature=43 2 20 1
split_gain=1.70672 1.00392 0.189672 2.22045e-16
threshold=-0.25045000000000001 471661.50000000006 0.37815000000000004 179213.90000000005
decision_type=2 2 2 2
left_child=1 -1 -2 -4
right_child=2 -3 3 -5
leaf_value=6.4445549981970472e-05 0.0010923326556110556 -0.0016942422711466554 0.003557320690491739 0.0039363887190112272
leaf_weight=34 37 20 73 58
leaf_count=34 37 20 73 58
internal_value=0.00259459 -0.00977778 0.00657143 0.008
internal_weight=222 54 168 131
internal_count=222 54 168 131
is_linear=0
shrinkage=0.08


Tree=16
num_leaves=5
num_cat=0
split_feature=43 22 1 9
split_gain=1.42799 1.06312 0.761552 0.108176
threshold=-0.23355000000000001 0.49455000000000005 138224.50000000003 12.500000000000002
decision_type=2 2 2 2
left_child=1 2 -1 -2
right_child=3 -3 -4 -5
leaf_value=-2.169057069616385e-05 0.001688848781790936 0.003233611942435999 -0.0013934506776667693 0.0026300144078330308
leaf_weight=21 30 20 22 129
leaf_count=21 30 20 22 129
internal_value=0.00295496 -0.00723809 -0.0143256 0.00699371
internal_weight=222 63 43 159
internal_count=222 63 43 159
is_linear=0
shrinkage=0.08


Tree=17
num_leaves=5
num_cat=0
split_feature=43 2 2 9
split_gain=1.18453 0.901458 0.389812 0.108176
threshold=-0.23355000000000001 493172.15000000008 306413.80000000005 12.500000000000002
decision_type=2 2 2 2
left_child=1 2 -1 -2
right_child=3 -3 -4 -5
leaf_value=-0.00013592020154443884 0.0015537408792476615 -0.0014472268352415819 0.00027607720438882618 0.0024196132552063905
leaf_weight=21 30 20 22 129
leaf_count=21 30 20 22 129
internal_value=0.00331532 -0.00596825 0.00055814 0.00699371
internal_weight=222 63 43 159
internal_count=222 63 43 159
is_linear=0
shrinkage=0.08


Tree=18
num_leaves=6
num_cat=0
split_feature=18 2 4 22 0
split_gain=1.30246 0.892857 0.541667 0.0434211 2.22045e-16
threshold=0.51125000000000009 516205.65000000008 67.040000000000006 0.68190000000000006 0.71265000000000012
decision_type=2 2 2 2 2
left_child=3 2 -2 4 -1
right_child=1 -3 -4 -5 -6
leaf_value=0.0014834325426280656 -9.0257121303482206e-05 -0.0018671736860012983 0.00074668130631073428 0.0022006623199988329 0.0021844931998791298
leaf_weight=110 24 20 26 20 22
leaf_count=110 24 20 26 20 22
internal_value=0.00331532 -0.00571429 2.98023e-10 0.00747368 0.008
internal_weight=222 70 50 152 132
internal_count=222 70 50 152 132
is_linear=0
shrinkage=0.08


Tree=19
num_leaves=5
num_cat=0
split_feature=43 2 2 9
split_gain=1.18453 0.901458 0.389812 0.108176
threshold=-0.23355000000000001 493172.15000000008 306413.80000000005 12.500000000000002
decision_type=2 2 2 2
left_child=1 2 -1 -2
right_child=3 -3 -4 -5
leaf_value=-0.00011782601571660166 0.001310767005497605 -0.0011820747935421495 0.000188362511797944 0.0020961526315609533
leaf_weight=21 30 20 22 129
leaf_count=21 30 20 22 129
internal_value=0.00331532 -0.00596825 0.00055814 0.00699371
internal_weight=222 63 43 159
internal_count=222 63 43 159
is_linear=0
shrinkage=0.08


Tree=20
num_leaves=4
num_cat=0
split_feature=43 1 9
split_gain=1.18453 1.19048 0.108176
threshold=-0.23355000000000001 138224.50000000003 12.500000000000002
decision_type=2 2 2
left_child=1 -1 -2
right_child=2 -3 -4
leaf_value=0.00013166200341538947 0.0012059056450577977 -0.00079162580960085273 0.0019284604210360787
leaf_weight=36 30 27 129
leaf_count=36 30 27 129
internal_value=0.00331532 -0.00596825 0.00699371
internal_weight=222 63 159
internal_count=222 63 159
is_linear=0
shrinkage=0.08


Tree=21
num_leaves=6
num_cat=0
split_feature=18 2 2 22 0
split_gain=1.0865 1.04143 0.441905 0.0434211 2.22045e-16
threshold=0.51125000000000009 516205.65000000008 306413.80000000005 0.68190000000000006 0.71265000000000012
decision_type=2 2 2 2 2
left_child=3 2 -2 4 -1
right_child=1 -3 -4 -5 -6
leaf_value=0.0011691571115084903 -0.00011893289473250799 -0.0018832106273066272 0.00082526128342751267 0.0018232755223544961 0.0016877646996810406
leaf_weight=110 21 20 29 20 22
leaf_count=110 21 20 29 20 22
internal_value=0.00367568 -0.00457143 0.0016 0.00747368 0.008
internal_weight=222 70 50 152 132
internal_count=222 70 50 152 132
is_linear=0
shrinkage=0.08


Tree=22
num_leaves=4
num_cat=0
split_feature=20 43 9
split_gain=1.5884 0.409958 0.100904
threshold=0.25660000000000005 -0.2614999999999999 12.500000000000002
decision_type=2 2 2
left_child=-1 -2 -3
right_child=1 2 -4
leaf_value=-0.0006484579521213534 -4.4697541252828963e-05 0.0011250295315329672 0.0017436269950276923
leaf_weight=28 28 32 134
leaf_count=28 28 32 134
internal_value=0.00295496 0.00552577 0.00703614
internal_weight=222 194 166
internal_count=222 194 166
is_linear=0
shrinkage=0.08


Tree=23
num_leaves=6
num_cat=0
split_feature=20 22 12 1 0
split_gain=1.45909 1.316 0.772247 0.114894 2.22045e-16
threshold=0.40145000000000003 0.49455000000000005 0.4422479744816587 138224.50000000003 0.69495000000000007
decision_type=2 2 2 2 2
left_child=1 2 -1 -3 -2
right_child=4 3 -4 -5 -6
leaf_value=-5.0907853987983748e-05 0.0034961806581047406 0.0015673881494699697 -0.00065618606145878642 -7.8473317322027438e-05 0.0024827110826847222
leaf_weight=26 86 27 25 20 38
leaf_count=26 86 27 25 20 38
internal_value=0.00223423 -0.00506122 -0.0139608 0.00459574 0.008
internal_weight=222 98 51 47 124
internal_count=222 98 51 47 124
is_linear=0
shrinkage=0.08


Tree=24
num_leaves=6
num_cat=0
split_feature=18 2 2 24 0
split_gain=0.993626 1.04143 0.441905 0.173684 2.22045e-16
threshold=0.51125000000000009 516205.65000000008 306413.80000000005 0.25660000000000005 0.71265000000000012
decision_type=2 2 2 2 2
left_child=3 2 -2 -1 -5
right_child=1 -3 -4 4 -6
leaf_value=0.00063395914471765867 -0.00012887091697901115 -0.0017974686777620589 0.000774958475739507 0.0010908003976657875 0.0014831519354324329
leaf_weight=20 21 20 29 106 26
leaf_count=20 21 20 29 106 26
internal_value=0.00331532 -0.00457143 0.0016 0.00694737 0.008
internal_weight=222 70 50 152 132
internal_count=222 70 50 152 132
is_linear=0
shrinkage=0.08


Tree=25
num_leaves=7
num_cat=0
split_feature=20 22 34 1 0 3
split_gain=1.88994 1.52742 0.882005 0.258511 0.0419355 2.22045e-16
threshold=0.40145000000000003 0.49455000000000005 0.63330000000000009 138224.50000000003 0.4149000000000001 22.150000000000002
decision_type=2 2 2 2 2 2
left_child=1 2 -1 -3 -2 -6
right_child=4 3 -4 -5 5 -7
leaf_value=-0.00015642304888988708 0.00062881096440727262 0.0013547330656991066 -0.00050133687366906918 -0.0001558047547606783 0.0053481036111050753 0.0024317021540145455
leaf_weight=31 20 27 20 20 58 46
leaf_count=31 20 27 20 20 58 46
internal_value=0.000792793 -0.0075102 -0.017098 0.00289362 0.00735484 0.008
internal_weight=222 98 51 47 124 104
internal_count=222 98 51 47 124 104
is_linear=0
shrinkage=0.08


Tree=26
num_leaves=7
num_cat=0
split_feature=20 22 34 1 0 0
split_gain=1.98217 1.28921 0.808173 0.435374 0.0417355 2.22045e-16
threshold=0.40350000000000003 0.49455000000000005 0.63330000000000009 140838.45000000004 0.4149000000000001 0.70710000000000017
decision_type=2 2 2 2 2 2
left_child=1 2 -1 -3 -2 -6
right_child=4 3 -4 -5 5 -7
leaf_value=-0.00014297675600136143 0.00057850608725469209 0.0012530287436325375 -0.00046122992377554338 -0.00021729997982171165 0.0057138269039447966 0.002103848127152919
leaf_weight=32 20 28 20 21 71 30
leaf_count=32 20 28 20 21 71 30
internal_value=0.000432433 -0.00784158 -0.0166154 0.00146939 0.00733884 0.008
internal_weight=222 101 52 49 121 101
internal_count=222 101 52 49 121 101
is_linear=0
shrinkage=0.08


Tree=27
num_leaves=6
num_cat=0
split_feature=20 30 26 0 0
split_gain=1.41019 1.16564 0.923077 0.0417355 2.22045e-16
threshold=0.40350000000000003 0.55305000000000015 0.55495000000000017 0.4149000000000001 0.70710000000000017
decision_type=2 2 2 2 2
left_child=1 2 -1 -2 -5
right_child=3 -3 -4 4 -6
leaf_value=-0.00017966999626594488 0.00053222560027431755 0.00083653362667871736 -0.00019004634588390897 0.005256720751629214 0.0019355402769806857
leaf_weight=25 20 37 39 71 30
leaf_count=25 20 37 39 71 30
internal_value=0.00151351 -0.00546535 -0.012 0.00733884 0.008
internal_weight=222 101 64 121 101
internal_count=222 101 64 121 101
is_linear=0
shrinkage=0.08


Tree=28
num_leaves=7
num_cat=0
split_feature=20 13 4 24 12 0
split_gain=1.48894 0.891595 0.470734 0.649849 0.419048 0.0410714
threshold=0.41710000000000008 0.14051341008792803 55.400000000000006 0.35465000000000008 0.44432716750841755 0.44040000000000007
decision_type=2 2 2 2 2 2
left_child=1 -1 -3 -4 -5 -2
right_child=5 2 3 4 -6 -7
leaf_value=-0.00017814473865906122 0.0010159182373715963 0.0011126293087456609 -0.00037944037349400204 0.0009182125778268678 -0.00020787876326397185 0.0040275648249367578
leaf_weight=23 20 22 23 22 20 92
leaf_count=23 20 22 23 22 20 92
internal_value=0.000792793 -0.00581818 -0.00211494 -0.00553846 0.000380953 0.00728571
internal_weight=222 110 87 65 42 112
internal_count=222 110 87 65 42 112
is_linear=0
shrinkage=0.08


Tree=29
num_leaves=7
num_cat=0
split_feature=20 13 41 41 0 1
split_gain=1.3982 0.994373 0.697169 0.737025 0.0272727 1.11022e-16
threshold=0.44645000000000007 0.14051341008792803 0.49343178765527956 0.49215081389387344 0.41780000000000006 168868.65000000002
decision_type=2 2 2 2 2 2
left_child=1 -1 3 -3 -4 -2
right_child=5 2 4 -5 -6 -7
leaf_value=-0.00016389315956633565 0.0050323133202162338 0.00032676760909224777 0.00012418295212686251 -0.00035923823984919834 0.0017113390157125206 0.0039263053058688274
leaf_weight=23 58 22 20 36 24 39
leaf_count=23 58 22 20 36 24 39
internal_value=0.000792793 -0.0048 -0.00141176 -0.00717241 0.00618182 0.008
internal_weight=222 125 102 58 44 97
internal_count=222 125 102 58 44 97
is_linear=0
shrinkage=0.08


Tree=30
num_leaves=6
num_cat=0
split_feature=20 13 30 22 1
split_gain=1.13254 0.810218 0.401573 0.142782 1.11022e-16
threshold=0.44645000000000007 0.14105129442526054 0.42980000000000002 0.56075000000000008 168868.65000000002
decision_type=2 2 2 2 2
left_child=1 -1 -3 -4 -2
right_child=4 2 3 -5 -6
leaf_value=-0.000119828440847175 0.0046297282545989344 -5.3785587757567389e-05 0.00018747467468159204 6.200881599861714e-05 0.0036122008813993197
leaf_weight=32 58 32 30 31 39
leaf_count=32 58 32 30 31 39
internal_value=0.00151351 -0.00352 0.000258065 0.00406557 0.008
internal_weight=222 125 93 61 97
internal_count=222 125 93 61 97
is_linear=0
shrinkage=0.08


Tree=31
num_leaves=7
num_cat=0
split_feature=20 13 9 26 1 1
split_gain=1.26187 0.718519 0.493103 1.00511 0.12 1.11022e-16
threshold=0.44645000000000007 0.14105129442526054 39.500000000000007 0.47060000000000007 140838.45000000004 168868.65000000002
decision_type=2 2 2 2 2 2
left_child=1 -1 4 -4 -3 -2
right_child=5 2 3 -5 -6 -7
leaf_value=-0.00011024216557940055 0.0042593499942310186 0.00035768899340010973 9.0039465641274436e-05 -0.00051090784546558828 1.9453025921957155e-05 0.003323224810887376
leaf_weight=32 58 30 23 20 20 39
leaf_count=32 58 30 23 20 20 39
internal_value=0.00115315 -0.00416 -0.00060215 -0.00688372 0.0048 0.008
internal_weight=222 125 93 43 50 97
internal_count=222 125 93 43 50 97
is_linear=0
shrinkage=0.08


Tree=32
num_leaves=8
num_cat=0
split_feature=0 22 10 41 20 12 0
split_gain=1.0329 1.28533 0.4 0.280538 0.146341 0.230488 1.11022e-16
threshold=0.44740000000000008 0.49455000000000005 0.4438591466978376 0.49246608583649271 0.43745000000000006 0.44279398347810245 0.69495000000000007
decision_type=2 2 2 2 2 2 2
left_child=1 2 -1 -3 5 -2 -6
right_child=4 3 -4 -5 6 -7 -8
leaf_value=-5.8155002269562937e-05 -2.5757279233331665e-05 0.00036333555947165613 -0.0005306680259424668 -0.00011584871311427278 0.0090944582642089218 0.00021480178389297736 0.0016224373832102598
leaf_weight=20 20 30 20 29 58 21 24
leaf_count=20 20 30 20 29 58 21 24
internal_value=0.00115315 -0.00492929 -0.016 0.00257627 0.00604878 0.00214634 0.008
internal_weight=222 99 40 59 123 41 82
internal_count=222 99 40 59 123 41 82
is_linear=0
shrinkage=0.08


Tree=33
num_leaves=8
num_cat=0
split_feature=28 13 4 0 0 0 0
split_gain=0.777335 0.686106 0.363867 0.273057 1.11022e-16 1.11022e-16 5.55112e-17
threshold=0.47460000000000008 0.14124696478731555 123.16000000000001 0.38395000000000007 0.54935000000000012 0.5021000000000001 0.44040000000000007
decision_type=2 2 2 2 2 2 2
left_child=1 -1 3 -3 5 -2 -5
right_child=4 2 -4 6 -6 -7 -8
leaf_value=-8.937189745947915e-05 0.0022471047296107735 -0.00015933378485760802 -0.00017392670697834197 0.00014854530395303869 0.0032125581928840853 0.0079590804412441457 0.0019248765799345733
leaf_weight=38 33 34 20 24 21 29 23
leaf_count=38 33 34 20 24 21 29 23
internal_value=0.00187387 -0.00178417 0.00166337 0.00404938 0.008 0.008 0.008
internal_weight=222 139 101 81 83 62 47
internal_count=222 139 101 81 83 62 47
is_linear=0
shrinkage=0.08


Tree=34
num_leaves=8
num_cat=0
split_feature=28 13 4 0 0 0 0
split_gain=0.777335 0.686106 0.363867 0.273057 1.11022e-16 1.11022e-16 5.55112e-17
threshold=0.47460000000000008 0.14124696478731555 123.16000000000001 0.38395000000000007 0.54935000000000012 0.5021000000000001 0.44040000000000007
decision_type=2 2 2 2 2 2 2
left_child=1 -1 3 -3 5 -2 -5
right_child=4 2 -4 6 -6 -7 -8
leaf_value=-8.2222145662720682e-05 0.0020673363512419126 -0.00014658708206899946 -0.00016001257042007352 0.00013666167963679636 0.0029555535374533592 0.0073223540059446134 0.0017708864535398081
leaf_weight=38 33 34 20 24 21 29 23
leaf_count=38 33 34 20 24 21 29 23
internal_value=0.00187387 -0.00178417 0.00166337 0.00404938 0.008 0.008 0.008
internal_weight=222 139 101 81 83 62 47
internal_count=222 139 101 81 83 62 47
is_linear=0
shrinkage=0.08


Tree=35
num_leaves=6
num_cat=0
split_feature=0 22 10 41 11
split_gain=0.859165 0.791388 0.4 0.280538 0.16748
threshold=0.44740000000000008 0.49455000000000005 0.4438591466978376 0.49246608583649271 0.13328590913632651
decision_type=2 2 2 2 2
left_child=1 2 -1 -3 -2
right_child=4 3 -4 -5 -6
leaf_value=-3.9775078638218717e-05 2.7049775694853583e-05 0.00035874238406805178 -0.00047318829891079275 -9.0704063882847814e-05 0.0016400664145990521
leaf_weight=20 20 30 20 29 103
leaf_count=20 20 30 20 29 103
internal_value=0.00223423 -0.00331313 -0.012 0.00257627 0.00669919
internal_weight=222 99 40 59 123
internal_count=222 99 40 59 123
is_linear=0
shrinkage=0.08


Tree=36
num_leaves=8
num_cat=0
split_feature=28 44 13 22 11 22 0
split_gain=0.644437 0.407298 0.534355 0.857143 0.336238 0.0346154 5.55112e-17
threshold=0.51125000000000009 1.2032426660598488 0.14124696478731555 0.46675000000000005 0.18032787595375524 0.56075000000000008 0.57395000000000007
decision_type=2 2 2 2 2 2 2
left_child=1 2 3 -1 5 6 -4
right_child=-2 -3 4 -5 -6 -7 -8
leaf_value=2.215939783965724e-05 0.0043940603112652965 -0.0015296666164907196 0.00015357273509555817 -9.8424748643883097e-05 -0.00012014156970849596 0.00037580755713437387 0.0019492284194775789
leaf_weight=21 68 20 23 21 27 20 22
leaf_count=21 68 20 23 21 27 20 22
internal_value=0.00151351 -0.00135065 0.000238806 -0.00723809 0.00365217 0.00676923 0.008
internal_weight=222 154 134 42 92 65 45
internal_count=222 154 134 42 92 65 45
is_linear=0
shrinkage=0.08


Tree=37
num_leaves=7
num_cat=0
split_feature=28 36 43 44 1 2
split_gain=0.509184 0.336347 0.421554 0.322841 0.396023 0.025
threshold=0.51125000000000009 0.29420000000000007 -0.21154999999999996 0.96773258497738357 192250.00000000003 461649.75000000006
decision_type=2 2 2 2 2 2
left_child=1 5 -3 4 -4 -1
right_child=-2 2 3 -5 -6 -7
leaf_value=0.0003279385320350079 0.0040425354863640748 -0.00037217165609001166 2.3085844063543706e-05 0.0011633545845505184 -0.0001101452041633782 3.7032189581039866e-05
leaf_weight=20 68 30 39 25 20 20
leaf_count=20 68 30 39 25 20 20
internal_value=0.00223423 -0.000311688 -0.00252632 0.000380953 -0.00284746 0.006
internal_weight=222 154 114 84 59 40
internal_count=222 154 114 84 59 40
is_linear=0
shrinkage=0.08


Tree=38
num_leaves=8
num_cat=0
split_feature=28 36 41 28 41 34 2
split_gain=0.447525 0.283259 0.30342 0.602019 0.857143 0.240698 0.025
threshold=0.51125000000000009 0.29420000000000007 0.49246608583649271 0.40475000000000005 0.49437456140350883 0.31805000000000005 461649.75000000006
decision_type=2 2 2 2 2 2 2
left_child=1 6 -3 4 -4 -5 -1
right_child=-2 2 3 5 -6 -7 -8
leaf_value=0.00030170344947220794 0.003719132647454949 2.1238976309144012e-05 -0.0013747569039786291 0.0017887330718071035 4.7075040393315523e-05 -2.3574863555655669e-05 3.4069614414556852e-05
leaf_weight=20 68 29 21 23 21 20 20
leaf_count=20 68 29 21 23 21 20 20
internal_value=0.00259459 0.000207793 -0.00182456 -0.00423529 -0.0110476 0.0024186 0.006
internal_weight=222 154 114 85 42 43 40
internal_count=222 154 114 85 42 43 40
is_linear=0
shrinkage=0.08


Tree=39
num_leaves=6
num_cat=0
split_feature=0 34 12 1 0
split_gain=0.604183 0.415708 0.574869 0.245354 0.16748
threshold=0.44740000000000008 0.41710000000000008 0.44196659285754841 134576.20000000004 0.72720000000000018
decision_type=2 2 2 2 2
left_child=1 -1 -3 -4 -2
right_child=4 2 3 -5 -6
leaf_value=-4.824223627380963e-05 0.0015080778164285736 0.00024012954888798617 4.3309040332925234e-05 -0.0012789136547005295 -1.2426538326062183e-06
leaf_weight=20 103 38 21 20 20
leaf_count=20 103 38 21 20 20
internal_value=0.00295496 -0.00169697 0.000911393 -0.00565854 0.00669919
internal_weight=222 99 79 41 123
internal_count=222 99 79 41 123
is_linear=0
shrinkage=0.08


Tree=40
num_leaves=7
num_cat=0
split_feature=20 40 20 28 22 12
split_gain=0.630863 0.460858 0.456611 0.473966 1.54821 0.175439
threshold=0.51595000000000002 0.153865129906574 0.25660000000000005 0.39845000000000003 0.44365000000000004 0.44196659285754841
decision_type=2 2 2 2 2 2
left_child=1 2 -1 5 -5 -4
right_child=-2 -3 3 4 -6 -7
leaf_value=-0.0002504052144308711 0.0045422072736561719 0.00083224682106551704 0.00079231515128874773 0.00096489259896341431 -0.00012257006168538422 -1.7681308303538636e-05
leaf_weight=22 67 28 30 28 20 27
leaf_count=22 67 28 30 28 20 27
internal_value=0.00151351 -0.00129032 -0.00333858 -0.00114286 -0.007 0.00378947
internal_weight=222 155 127 105 48 57
internal_count=222 155 127 105 48 57
is_linear=0
shrinkage=0.08


Tree=41
num_leaves=7
num_cat=0
split_feature=20 9 4 4 22 22
split_gain=0.778843 0.478788 0.735856 0.847411 0.292105 0.113043
threshold=0.51595000000000002 18.500000000000004 123.16000000000001 65.815000000000012 0.45385000000000003 0.49455000000000005
decision_type=2 2 2 2 2 2
left_child=1 5 3 -3 -5 -1
right_child=-2 2 -4 4 -6 -7
leaf_value=0.00038129369740582276 0.0041788306917636782 -8.2504414258431725e-05 -0.00017641124455920575 0.00010969290943279102 -7.6913423424076346e-05 7.2540235819778791e-05
leaf_weight=26 67 31 21 37 20 20
leaf_count=26 67 31 21 37 20 20
internal_value=0.000792793 -0.00232258 -0.00521101 -0.002 0.00378947 0.00452174
internal_weight=222 155 109 88 57 46
internal_count=222 155 109 88 57 46
is_linear=0
shrinkage=0.08


Tree=42
num_leaves=9
num_cat=0
split_feature=22 4 30 13 13 0 0 0
split_gain=0.551139 0.643692 0.578598 0.706626 0.476718 0.0277778 1.11022e-16 5.55112e-17
threshold=0.31960000000000005 123.16000000000001 0.42630000000000007 0.14105129442526054 0.15616306561231461 0.34595000000000004 0.51930000000000009 0.49995000000000006
decision_type=2 2 2 2 2 2 2 2
left_child=6 2 7 -4 5 -5 -1 -2
right_child=1 -3 3 4 -6 -7 -8 -9
leaf_value=0.0059177869368699778 5.242300301240016e-05 -9.842048322507364e-05 -0.00010368612567202786 4.9776461839619956e-06 -7.8960009321118289e-05 0.00028630811759394715 0.0044576216230505471 0.0015860883524729972
leaf_weight=23 24 27 25 20 26 25 29 23
leaf_count=23 24 27 25 20 26 25 29 23
internal_value=0.000792793 -0.00141176 0.000727273 -0.00283333 0.00123944 0.00622222 0.008 0.008
internal_weight=222 170 143 96 71 45 52 47
internal_count=222 170 143 96 71 45 52 47
is_linear=0
shrinkage=0.08


Tree=43
num_leaves=7
num_cat=0
split_feature=32 44 43 2 13 0
split_gain=0.656757 0.779278 0.48479 0.142854 0.041453 1.11022e-16
threshold=0.28805000000000008 1.157499298920998 0.40020000000000006 271090.10000000003 0.14013221829097791 0.48025000000000001
decision_type=2 2 2 2 2 2
left_child=-1 2 3 -2 -5 -6
right_child=1 -3 -4 4 5 -7
leaf_value=-5.4676657978507538e-05 2.9157963469221006e-05 -0.00060755410688478428 -4.6865642054085983e-05 5.9451454365476962e-05 0.0002240416810470434 0.0016656340166159322
leaf_weight=37 20 26 22 20 39 58
leaf_count=37 20 26 22 20 39 58
internal_value=0.000432433 0.00237838 0.00447799 0.00624818 0.00731624 0.008
internal_weight=222 185 159 137 117 97
internal_count=222 185 159 137 117 97
is_linear=0
shrinkage=0.08


Tree=44
num_leaves=8
num_cat=0
split_feature=0 22 36 43 34 11 0
split_gain=0.802624 0.73369 1.35087 0.446952 0.388431 0.0397959 1.11022e-16
threshold=0.44740000000000008 0.50145000000000006 0.29420000000000007 0.40020000000000006 0.47310000000000002 0.1335044337641548 0.67745000000000011
decision_type=2 2 2 2 2 2 2
left_child=1 2 -1 5 -3 -2 -7
right_child=3 4 -4 -5 -6 6 -8
leaf_value=6.3575956029792441e-05 0.00091570422426905844 0.00019104350068317299 -0.00021109679979619547 -3.9828493391658969e-05 -6.8345785092117792e-05 0.0034621797567133575 0.0014846855313620944
leaf_weight=22 20 37 20 25 20 58 20
leaf_count=22 20 37 20 25 20 58 20
internal_value=0.000432433 -0.00492929 -0.0129524 0.00474797 0.000982456 0.00718367 0.008
internal_weight=222 99 42 123 57 98 78
internal_count=222 99 42 123 57 98 78
is_linear=0
shrinkage=0.08


Tree=45
num_leaves=7
num_cat=0
split_feature=30 4 13 3 0 0
split_gain=0.593408 0.531119 0.483697 0.692063 0.566641 1.11022e-16
threshold=0.32285000000000003 123.16000000000001 0.14124696478731555 17.900000000000002 0.38395000000000007 0.47085000000000005
decision_type=2 2 2 2 2 2
left_child=-1 2 3 -2 -4 -6
right_child=1 -3 4 -5 5 -7
leaf_value=0.003433808826662514 -8.4691134556417311e-05 -0.00024959168371680769 -6.0025182541040974e-05 7.4014253188576848e-05 0.00011889768035049131 0.0013545439217527975
leaf_weight=55 23 23 39 20 33 29
leaf_count=55 23 23 39 20 33 29
internal_value=0.000792793 -0.00158084 0.000222223 -0.00688372 0.00324752 0.008
internal_weight=222 167 144 43 101 62
internal_count=222 167 144 43 101 62
is_linear=0
shrinkage=0.08


Tree=46
num_leaves=7
num_cat=0
split_feature=20 1 4 1 9 10
split_gain=0.813195 0.586867 1.09583 0.71817 0.859524 0.156044
threshold=0.46675000000000005 97365.450000000026 65.815000000000012 176241.05000000002 26.500000000000004 0.45649657894736845
decision_type=2 2 2 2 2 2
left_child=1 -1 -3 -4 -5 -2
right_child=5 2 3 4 -6 -7
leaf_value=0.0001208551759529396 0.0020869620785820952 -9.1795659557959393e-05 8.2713646760747164e-05 0.0003812712493857586 -0.00025854393534657008 0.0057228965907519004
leaf_weight=23 71 21 39 20 28 20
leaf_count=23 71 21 39 20 28 20
internal_value=0.000432433 -0.00360305 -0.00607407 -0.00211494 -0.00866667 0.00624176
internal_weight=222 131 108 87 48 91
internal_count=222 131 108 87 48 91
is_linear=0
shrinkage=0.08


Tree=47
num_leaves=7
num_cat=0
split_feature=22 13 30 0 0 0
split_gain=0.640429 0.377621 0.541731 0.188034 0.156522 1.11022e-16
threshold=0.39120000000000005 0.14124696478731555 0.43745000000000006 0.37285000000000007 0.71235000000000015 0.5081500000000001
decision_type=2 2 2 2 2 2
left_child=4 -2 -3 -4 5 -1
right_child=1 2 3 -5 -6 -7
leaf_value=0.00093331972188828575 -0.00010924309765884946 -0.00023446646366383401 -6.5473069992558917e-06 0.00085639113531359081 -1.1578428504505946e-06 0.0028546542895977987
leaf_weight=29 37 21 39 33 20 43
leaf_count=29 37 21 39 33 20 43
internal_value=0.00115315 -0.00246154 0.000258065 0.00355556 0.00626087 0.008
internal_weight=222 130 93 72 92 72
internal_count=222 130 93 72 92 72
is_linear=0
shrinkage=0.08


Tree=48
num_leaves=7
num_cat=0
split_feature=43 38 2 43 22 0
split_gain=1.15315 0.955026 1.05259 0.465939 0.288 2.22045e-16
threshold=-0.21154999999999996 -0.16869999999999996 306413.80000000005 0.40355000000000002 0.59875 0.5354000000000001
decision_type=2 2 2 2 2 2
left_child=1 2 -1 4 5 -2
right_child=3 -3 -4 -5 -6 -7
leaf_value=-0.00015381600157425904 0.0020832306938665334 -0.00099554407662693842 0.00013316251313466687 -9.8916178819868539e-05 -2.0705598521104469e-05 0.00073722375905670298
leaf_weight=25 58 21 29 22 25 42
leaf_count=25 58 21 29 22 25 42
internal_value=7.20724e-05 -0.008 -0.00237037 0.00419048 0.00608 0.008
internal_weight=222 75 54 147 125 100
internal_count=222 75 54 147 125 100
is_linear=0
shrinkage=0.08


Tree=49
num_leaves=7
num_cat=0
split_feature=24 13 1 36 2 0
split_gain=0.685348 0.889506 0.805288 0.986417 0.427907 1.11022e-16
threshold=0.35465000000000008 0.15601991285857342 192250.00000000003 0.46215000000000006 260452.05000000002 0.67600000000000005
decision_type=2 2 2 2 2 2
left_child=1 4 5 -4 -1 -2
right_child=2 -3 3 -5 -6 -7
leaf_value=-0.00014567525244667547 0.00045935924234692617 -0.00042061652526721298 -0.00019709048078310763 0.0007329703210919692 0.00017978130604238957 0.0010408901218924434
leaf_weight=20 73 24 35 26 23 21
leaf_count=20 73 24 35 26 23 21
internal_value=0.000432433 -0.00632836 0.00335484 -0.00380328 0.00055814 0.008
internal_weight=222 67 155 61 43 94
internal_count=222 67 155 61 43 94
is_linear=0
shrinkage=0.08


Tree=50
num_leaves=6
num_cat=0
split_feature=32 4 22 40 0
split_gain=0.656757 0.726486 0.344782 0.166942 2.22045e-16
threshold=0.28805000000000008 123.16000000000001 0.55645000000000011 0.14197998827171618 0.55875000000000008
decision_type=2 2 2 2 2
left_child=-1 2 3 -2 -5
right_child=1 -3 -4 4 -6
leaf_value=-0.00011471220598742304 0.00056716480090543257 -0.00018132324232045951 -2.7869288043316311e-05 0.00014026704346917028 0.00070169492882315705
leaf_weight=37 20 35 29 73 28
leaf_count=37 20 35 29 73 28
internal_value=0.000432433 0.00237838 0.0048 0.00667769 0.008
internal_weight=222 185 150 121 101
internal_count=222 185 150 121 101
is_linear=0
shrinkage=0.08


Tree=51
num_leaves=8
num_cat=0
split_feature=24 1 28 39 3 0 0
split_gain=0.612749 0.621601 1.12882 0.595238 0.478632 1.11022e-16 1.11022e-16
threshold=0.25045000000000006 176241.05000000002 0.43745000000000006 0.49422896551724144 14.000000000000002 0.52720000000000011 0.49355000000000004
decision_type=2 2 2 2 2 2 2
left_child=-1 4 3 -3 -2 6 -6
right_child=1 2 -4 -5 5 -7 -8
leaf_value=-0.00012646368632624724 -4.7717872881901414e-05 -0.00020750062773940831 0.00066069457275430761 -1.8027738885061685e-05 3.3223270009499483e-05 0.0013480789996760927 0.0044954549276813435
leaf_weight=24 26 21 39 21 46 21 24
leaf_count=24 26 21 39 21 46 21 24
internal_value=7.20724e-05 0.00153535 -0.00385185 -0.0129524 0.00526496 0.008 0.008
internal_weight=222 198 81 42 117 91 70
internal_count=222 198 81 42 117 91 70
is_linear=0
shrinkage=0.08


Tree=52
num_leaves=9
num_cat=0
split_feature=1 24 36 12 39 1 0 0
split_gain=0.539474 0.524169 0.228814 0.301249 0.249787 0.415722 1.11022e-16 5.55112e-17
threshold=273033.10000000003 0.25045000000000006 0.49750000000000005 0.44918837545822887 0.49247921052631582 138224.50000000003 0.52460000000000007 0.42885000000000001
decision_type=2 2 2 2 2 2 2 2
left_child=1 -1 3 4 5 -3 -4 -6
right_child=-2 2 6 -5 7 -7 -8 -9
leaf_value=-0.00011634659142014813 -8.9192473282158631e-05 0.00022118560594321432 0.0043914661165669906 -8.2707467386079268e-05 2.7294319380141535e-05 -0.00010995123264997726 0.0033955311738663729 0.00062666972195598572
leaf_weight=24 21 22 39 22 23 27 20 24
leaf_count=24 21 22 39 22 23 27 20 24
internal_value=0.00115315 0.00242786 0.0039322 0.00189831 0.00383333 -0.000163265 0.008 0.008
internal_weight=222 201 177 118 96 49 59 47
internal_count=222 201 177 118 96 49 59 47
is_linear=0
shrinkage=0.08


Tree=53
num_leaves=7
num_cat=0
split_feature=20 30 22 20 32 0
split_gain=0.576768 0.879639 0.530704 0.530524 0.309375 1.11022e-16
threshold=0.44645000000000007 0.39335000000000003 0.46920000000000006 0.36205000000000004 0.40205000000000007 0.5354000000000001
decision_type=2 2 2 2 2 2
left_child=1 -1 5 4 -3 -2
right_child=2 3 -4 -5 -6 -7
leaf_value=-0.00011429451672846248 0.003866676115126606 0.000433032067692178 -0.00010060131360685435 -6.2172819445940005e-05 -9.6082531669925661e-05 0.00056193206088073515
leaf_weight=26 46 44 23 35 20 28
leaf_count=26 46 44 23 35 20 28
internal_value=7.20724e-05 -0.00352 0.00470103 -8.08078e-05 0.00425 0.008
internal_weight=222 125 97 99 64 74
internal_count=222 125 97 99 64 74
is_linear=0
shrinkage=0.08


Tree=54
num_leaves=8
num_cat=0
split_feature=20 1 34 32 22 36 0
split_gain=0.576768 0.702811 1.08521 1.01524 0.530704 0.280189 1.11022e-16
threshold=0.44645000000000007 138224.50000000003 0.32155000000000006 0.38540000000000008 0.46920000000000006 0.36205000000000004 0.5354000000000001
decision_type=2 2 2 2 2 2 2
left_child=1 5 -3 -4 6 -1 -2
right_child=4 2 3 -5 -6 -7 -8
leaf_value=6.378102754947284e-05 0.0035573420259164788 0.00058231830163365693 -0.00054350443924434683 -0.00016459650314952796 -9.2553208518307093e-05 -4.7784660460822036e-06 0.00051697749601027664
leaf_weight=33 46 25 25 22 23 20 28
leaf_count=33 46 25 25 22 23 20 28
internal_value=7.20724e-05 -0.00352 -0.00866667 -0.0158298 0.00470103 0.0034717 0.008
internal_weight=222 125 72 47 97 53 74
internal_count=222 125 72 47 97 53 74
is_linear=0
shrinkage=0.08


Tree=55
num_leaves=9
num_cat=0
split_feature=22 34 38 12 11 40 0 0
split_gain=0.899954 0.51451 0.965714 0.834815 0.729688 0.111643 0.0357143 1.11022e-16
threshold=0.36095000000000005 0.47310000000000002 -0.15914999999999996 0.44196659285754841 0.13702293462192117 0.15233581508321528 0.69795000000000018 0.52460000000000007
decision_type=2 2 2 2 2 2 2 2
left_child=6 4 3 -3 -2 -6 7 -1
right_child=1 2 -4 -5 5 -7 -8 -9
leaf_value=0.003396016939708335 -9.7374352234760571e-05 0.0018791925922785422 -0.00082607012423883128 -3.3451186246234508e-05 0.00031449484447087942 6.3742433757330659e-05 1.1882905872351334e-05 0.003007991677812359
leaf_weight=29 25 23 20 27 35 22 20 21
leaf_count=29 25 23 20 27 35 22 20 21
internal_value=-0.000648648 -0.00410526 -0.00914286 -0.0032 0.000195122 0.00519298 0.00685714 0.008
internal_weight=222 152 70 50 82 57 70 50
internal_count=222 152 70 50 82 57 70 50
is_linear=0
shrinkage=0.08


Tree=56
num_leaves=6
num_cat=0
split_feature=44 41 4 0 0
split_gain=0.579151 0.759467 0.401002 0.205058 2.22045e-16
threshold=0.77232416223599654 0.49358882143833743 123.16000000000001 0.37285000000000007 0.52720000000000011
decision_type=2 2 2 2 2
left_child=1 -1 3 -2 -5
right_child=2 -3 -4 4 -6
leaf_value=4.1392570766603e-05 1.2801362272135561e-06 -0.00011755152629526067 -0.00010931725495684486 0.0001249440663600309 0.00046097077820997758
leaf_weight=31 33 23 35 71 29
leaf_count=31 33 23 35 71 29
internal_value=0.00187387 -0.00533333 0.00419048 0.00619549 0.008
internal_weight=222 54 168 133 100
internal_count=222 54 168 133 100
is_linear=0
shrinkage=0.08


Tree=57
num_leaves=7
num_cat=0
split_feature=24 13 1 28 2 0
split_gain=0.445981 0.842443 0.636277 0.564798 0.245455 1.11022e-16
threshold=0.35465000000000008 0.15616306561231461 192250.00000000003 0.43745000000000006 260452.05000000002 0.67600000000000005
decision_type=2 2 2 2 2 2
left_child=1 4 5 -4 -1 -2
right_child=2 -3 3 -5 -6 -7
leaf_value=-7.5054179523530363e-05 0.00024504029270204226 -0.00036416635241989006 -0.00011705847926556067 0.00040569462581669123 5.4957963455132449e-05 0.00077852945380856562
leaf_weight=20 73 23 31 30 24 21
leaf_count=20 73 23 31 30 24 21
internal_value=0.00151351 -0.0039403 0.00387097 -0.0024918 0.00254545 0.008
internal_weight=222 67 155 61 44 94
internal_count=222 67 155 61 44 94
is_linear=0
shrinkage=0.08


Tree=58
num_leaves=7
num_cat=0
split_feature=12 34 4 4 28 0
split_gain=0.352059 0.401111 0.336989 0.306055 0.268451 0.040566
threshold=0.44918837545822887 0.48165000000000008 123.16000000000001 63.550000000000004 0.37745000000000006 0.68410000000000015
decision_type=2 2 2 2 2 2
left_child=2 -2 3 4 -1 -5
right_child=1 -3 -4 5 -6 -7
leaf_value=4.9974529661222921e-05 -0.00025756736758476503 0.00031529732742553295 -0.00010551620687145708 0.00014546294926429381 -6.6498760253277405e-05 1.1715168025183365e-05
leaf_weight=26 25 20 24 86 21 20
leaf_count=26 25 20 24 86 21 20
internal_value=0.00187387 -0.00444444 0.00348023 0.00486275 -0.000510638 0.00724528
internal_weight=222 45 177 153 47 106
internal_count=222 45 177 153 47 106
is_linear=0
shrinkage=0.08


Tree=59
num_leaves=5
num_cat=0
split_feature=32 44 11 1
split_gain=0.571861 0.392283 0.405855 0.284444
threshold=0.27610000000000007 1.180129235313417 0.13852837862615061 164196.20000000004
decision_type=2 2 2 2
left_child=-1 2 3 -2
right_child=1 -3 -4 -5
leaf_value=-6.1178860842494865e-05 0.00020764145564703329 -0.00051612437598861759 0.00032801899787233599 -1.5164690680424999e-05
leaf_weight=31 25 24 122 20
leaf_count=31 25 24 122 20
internal_value=0.00259459 0.00423037 0.00560479 -0.000888889
internal_weight=222 191 167 45
internal_count=222 191 167 45
is_linear=0
shrinkage=0.08


Tree=60
num_leaves=8
num_cat=0
split_feature=10 43 32 4 11 0 0
split_gain=1.0239 1.66078 1.26 0.42605 0.0382353 1.11022e-16 5.55112e-17
threshold=0.44628132619684813 -0.21154999999999996 0.55945000000000011 63.550000000000004 0.13447083826848535 0.54935000000000012 0.49185000000000006
decision_type=2 2 2 2 2 2 2
left_child=3 -2 6 -1 -5 -6 -3
right_child=1 2 -4 4 5 -7 -8
leaf_value=-1.8743233529404334e-05 -0.00035379882214051902 0.00088182079083306013 -2.2449780569829765e-05 7.7850936176388901e-06 0.0012244124896019499 0.00092911238175856265 0.0068603059948863891
leaf_weight=35 32 22 25 20 36 29 23
leaf_count=35 32 22 25 20 36 29 23
internal_value=-0.00100901 -0.00690196 2.98023e-10 0.004 0.00705882 0.008 0.008
internal_weight=222 102 70 120 85 65 45
internal_count=222 102 70 120 85 65 45
is_linear=0
shrinkage=0.08


Tree=61
num_leaves=7
num_cat=0
split_feature=0 13 0 42 10 0
split_gain=0.578924 0.663472 0.580024 0.474725 0.0393617 1.11022e-16
threshold=0.44740000000000008 0.15601991285857342 0.71235000000000015 0.1448039922653743 0.4284888983050848 0.5021000000000001
decision_type=2 2 2 2 2 2
left_child=1 3 4 -1 -2 -6
right_child=2 -3 -4 -5 5 -7
leaf_value=-5.9369814850971441e-05 0.0016294157244725938 -0.00025797880045888994 -1.4857782188110067e-05 9.9579633886560229e-05 0.0020056291314404055 0.00056348564458049528
leaf_weight=35 20 34 29 30 28 46
leaf_count=35 20 34 29 30 28 46
internal_value=0.000432433 -0.00412121 0.00409756 0.000615385 0.00714894 0.008
internal_weight=222 99 123 65 94 74
internal_count=222 99 123 65 94 74
is_linear=0
shrinkage=0.08


Tree=62
num_leaves=7
num_cat=0
split_feature=20 38 41 5 22 2
split_gain=0.800603 0.689166 0.64246 0.70075 0.316307 0.104762
threshold=0.44645000000000007 -0.18989999999999996 0.49437456140350883 2.5000000000000004 0.47460000000000008 322059.85000000003
decision_type=2 2 2 2 2 2
left_child=1 5 3 -3 -2 -1
right_child=4 2 -4 -5 -6 -7
leaf_value=3.5724228091110993e-05 0.0012496350426325568 -1.7244929247769257e-05 3.6048440966285071e-05 -0.00022684424041633297 -1.5893174921132709e-05 3.6070570281650521e-05
leaf_weight=20 75 29 32 22 22 22
leaf_count=20 75 29 32 22 22 22
internal_value=7.20724e-05 -0.00416 -0.00838554 -0.0139608 0.00552577 0.00419048
internal_weight=222 125 83 51 97 42
internal_count=222 125 83 51 97 42
is_linear=0
shrinkage=0.08


Tree=63
num_leaves=7
num_cat=0
split_feature=22 44 12 13 30 0
split_gain=0.622799 0.646882 0.624493 0.638924 0.416497 0.0376543
threshold=0.30525000000000008 1.180129235313417 0.44861644059065936 0.14051341008792803 0.62775000000000014 0.69795000000000018
decision_type=2 2 2 2 2 2
left_child=-1 2 3 -2 5 -5
right_child=1 -3 -4 4 -6 -7
leaf_value=0.0027975537450821665 -0.00010474972606998156 -0.00061062207469335459 -9.7234148013782706e-05 9.6968552411286565e-05 -8.3566257995345808e-07 3.0627579059420751e-05
leaf_weight=46 21 20 29 61 25 20
leaf_count=46 21 20 29 61 25 20
internal_value=-0.000288288 -0.00245455 -0.000717948 0.00170079 0.00422642 0.00701235
internal_weight=222 176 156 127 106 81
internal_count=222 176 156 127 106 81
is_linear=0
shrinkage=0.08


Tree=64
num_leaves=7
num_cat=0
split_feature=22 28 34 36 12 18
split_gain=0.445656 0.421491 1.01053 0.375496 0.516552 0.0857143
threshold=0.36095000000000005 0.39845000000000003 0.34320000000000006 0.34320000000000006 0.44162481152031247 0.35700000000000004
decision_type=2 2 2 2 2 2
left_child=5 3 -3 4 -2 -1
right_child=1 2 -4 -5 -6 -7
leaf_value=0.00066144696139264312 0.00022425686624989003 0.00017989805982995103 -0.0001855390897673601 1.3818203587750074e-05 -0.00017398527753283803 0.0022908775999254424
leaf_weight=28 29 30 27 34 32 42
leaf_count=28 29 30 27 34 32 42
internal_value=0.000432433 -0.002 -0.0074386 0.00126316 -0.0024918 0.00571429
internal_weight=222 152 57 95 61 70
internal_count=222 152 57 95 61 70
is_linear=0
shrinkage=0.08


Tree=65
num_leaves=7
num_cat=0
split_feature=43 40 12 34 22 0
split_gain=0.633122 0.335163 0.313923 0.473684 0.126667 1.11022e-16
threshold=0.40020000000000006 0.14123073454945742 0.44279398347810245 0.47310000000000002 0.59875 0.52720000000000011
decision_type=2 2 2 2 2 2
left_child=1 -1 4 -4 5 -3
right_child=-2 2 3 -5 -6 -7
leaf_value=-5.0943645292492614e-05 -6.8042666616308469e-05 0.00011064387057531642 0.00038323792235976276 -0.00021901064621092443 6.6359497326859483e-05 0.0010353199170160723
leaf_weight=21 25 53 38 38 24 23
leaf_count=21 25 53 38 38 24 23
internal_value=0.000792793 0.00231472 0.00345455 -0.000421052 0.0064 0.008
internal_weight=222 197 176 76 100 76
internal_count=222 197 176 76 100 76
is_linear=0
shrinkage=0.08


Tree=66
num_leaves=7
num_cat=0
split_feature=20 30 34 42 44 0
split_gain=0.531197 0.8458 2.14286 0.538521 0.187057 0.1375
threshold=0.52360000000000018 0.39335000000000003 0.32155000000000006 0.1448039922653743 0.85476343659477538 0.49355000000000004
decision_type=2 2 2 2 2 2
left_child=1 2 -1 -3 -5 -2
right_child=5 3 -4 4 -6 -7
leaf_value=0.00034562824777969103 0.0015233189848544158 -7.0248161969132356e-05 -0.00030869416628556608 3.4834577221428359e-06 0.00034033926121716936 0.0057177141294731046
leaf_weight=20 20 37 28 29 44 44
leaf_count=20 20 37 28 29 44 44
internal_value=-0.000648648 -0.00313924 -0.012 0.000727273 0.00471233 0.0055
internal_weight=222 158 48 110 73 64
internal_count=222 158 48 110 73 64
is_linear=0
shrinkage=0.08


Tree=67
num_leaves=8
num_cat=0
split_feature=11 18 0 12 0 1 0
split_gain=0.341158 1.0859 0.518827 0.715909 0.109091 0.0388889 1.11022e-16
threshold=0.13852837862615061 0.38485000000000008 0.44740000000000008 0.44279398347810245 0.35850000000000004 268191.65000000008 0.67745000000000011
decision_type=2 2 2 2 2 2 2
left_child=1 -1 3 4 -2 6 -4
right_child=2 -3 5 -5 -6 -7 -8
leaf_value=-0.00022594714131202691 8.5203925717138826e-05 8.3912501507260422e-06 0.005089852596860304 -0.00043204210317666843 2.60108441288636e-05 1.142136597616344e-05 0.00012399996398319626
leaf_weight=21 24 39 46 28 20 20 24
leaf_count=21 24 39 46 28 20 20 24
internal_value=0.00115315 -0.004 0.00306173 -0.002 0.00436364 0.00711111 0.008
internal_weight=222 60 162 72 44 90 70
internal_count=222 60 162 72 44 90 70
is_linear=0
shrinkage=0.08


Tree=68
num_leaves=6
num_cat=0
split_feature=11 18 32 13 2
split_gain=0.390541 1.0859 0.478671 0.942308 0.0779221
threshold=0.13852837862615061 0.38485000000000008 0.35200000000000004 0.15601991285857342 680215.65000000014
decision_type=2 2 2 2 2
left_child=1 -1 3 -2 -4
right_child=2 -3 4 -5 -6
leaf_value=-0.00020787137000706515 0.00010986497922750451 7.7199501386676474e-06 0.00032117469727953671 -0.00040659672209659563 1.2659633555580437e-05
leaf_weight=21 26 39 75 26 35
leaf_count=21 26 39 75 26 35
internal_value=0.00151351 -0.004 0.00355556 -0.00276923 0.00654545
internal_weight=222 60 162 52 110
internal_count=222 60 162 52 110
is_linear=0
shrinkage=0.08


Tree=69
num_leaves=6
num_cat=0
split_feature=43 13 12 3 9
split_gain=0.633122 0.256554 0.385811 0.247297 0.040566
threshold=0.40020000000000006 0.1402824548041621 0.44918837545822887 22.150000000000002 8.5000000000000018
decision_type=2 2 2 2 2
left_child=1 -1 3 4 -3
right_child=-2 2 -4 -5 -6
leaf_value=-4.783958358083764e-05 -2.4897717787714746e-05 0.00074122124331621128 -9.1826855799939173e-05 -6.4344660275473215e-08 4.9348760679070991e-05
leaf_weight=33 25 20 33 25 86
leaf_count=33 25 20 33 25 86
internal_value=0.000792793 0.00231472 0.00360976 0.00555725 0.00724528
internal_weight=222 197 164 131 106
internal_count=222 197 164 131 106
is_linear=0
shrinkage=0.08


Tree=70
num_leaves=7
num_cat=0
split_feature=10 42 42 13 0 22
split_gain=0.586389 1.01859 0.544632 0.373457 0.129825 0.0376543
threshold=0.4438591466978376 0.14659469921247054 0.1448039922653743 0.14056686424661805 0.49995000000000006 0.58950000000000002
decision_type=2 2 2 2 2 2
left_child=3 2 -2 -1 -4 -5
right_child=1 -3 4 5 -6 -7
leaf_value=-2.3364034891827659e-05 -0.00012306230397183537 -0.00028361019571076991 4.5528085823497643e-05 0.00033378832124486254 1.3170088824547487e-05 0.00010259114050453862
leaf_weight=27 23 34 37 61 20 20
leaf_count=27 23 34 37 61 20 20
internal_value=7.20724e-05 -0.00392982 0.001 0.0042963 0.00519298 0.00701235
internal_weight=222 114 80 108 57 81
internal_count=222 114 80 108 57 81
is_linear=0
shrinkage=0.08


Tree=71
num_leaves=7
num_cat=0
split_feature=1 2 5 4 28 13
split_gain=0.229009 0.59321 0.7 0.375112 0.846013 0.0376543
threshold=176241.05000000002 695497.10000000021 2.5000000000000004 65.815000000000012 0.40205000000000007 0.15777937644449624
decision_type=2 2 2 2 2 2
left_child=3 2 -2 4 -1 -5
right_child=1 -3 -4 5 -6 -7
leaf_value=3.0680692949941796e-05 0.0014073176479334501 7.6058225057703453e-05 -0.00034044993012466256 0.00036161648930912175 -0.00017554849814162125 2.1586108415441622e-05
leaf_weight=38 24 36 21 61 22 20
leaf_count=38 24 36 21 61 22 20
internal_value=0.00151351 -0.00187654 -0.008 0.00346099 -0.00133333 0.00701235
internal_weight=222 81 45 141 60 81
internal_count=222 81 45 141 60 81
is_linear=0
shrinkage=0.08


Tree=72
num_leaves=7
num_cat=0
split_feature=20 12 11 32 0 0
split_gain=0.914252 0.264953 0.285407 0.0612745 0.0401961 1.11022e-16
threshold=0.25660000000000005 0.44918837545822887 0.13284636734087371 0.30210000000000009 0.71265000000000012 0.5354000000000001
decision_type=2 2 2 2 2 2
left_child=-1 2 -2 -4 5 -5
right_child=1 -3 3 4 -6 -7
leaf_value=-0.0001511717326374716 -4.6337254879225554e-05 -7.5240701971082056e-05 1.2494418750196982e-05 0.00059386619739857077 1.8941610951341242e-05 0.00043404351177545823
leaf_weight=28 20 38 34 58 20 24
leaf_count=28 20 38 34 58 20 24
internal_value=0.00151351 0.00346392 0.00492308 0.00623529 0.00721569 0.008
internal_weight=222 194 156 136 102 82
internal_count=222 194 156 136 102 82
is_linear=0
shrinkage=0.08


Tree=73
num_leaves=7
num_cat=0
split_feature=43 13 1 20 28 2
split_gain=0.692438 1.03913 0.642857 0.347612 0.486439 1.19375
threshold=-0.19909999999999994 0.15787581846002713 123277.15000000001 0.52360000000000018 0.39845000000000003 502166.80000000005
decision_type=2 2 2 2 2 2
left_child=1 2 -1 4 -2 -6
right_child=3 -3 -4 -5 5 -7
leaf_value=9.1761609066404114e-05 3.1919100021036935e-05 -0.00027722174332655441 -5.0427521287138635e-05 0.0046958630091343658 -0.00016277628461032617 6.0499479327066094e-05
leaf_weight=28 31 22 28 55 25 33
leaf_count=28 31 22 28 55 25 33
internal_value=-0.000288288 -0.00635897 -0.000571428 0.003 -8.98873e-05 -0.00441379
internal_weight=222 78 56 144 89 58
internal_count=222 78 56 144 89 58
is_linear=0
shrinkage=0.08


Tree=74
num_leaves=7
num_cat=0
split_feature=1 0 0 13 28 0
split_gain=0.381501 1.01711 0.439234 0.681818 0.312317 1.11022e-16
threshold=138224.50000000003 0.44740000000000008 0.68410000000000015 0.15757386628855752 0.60600000000000009 0.52920000000000011
decision_type=2 2 2 2 2 2
left_child=4 -2 5 -4 -1 -3
right_child=1 2 3 -5 -6 -7
leaf_value=1.4792938721681145e-05 -0.00026354124227771634 0.0010613712337539548 -6.3934911918419414e-05 0.00064633026992911321 0.0001524706341358692 0.0012004015928310358
leaf_weight=71 34 31 24 20 22 20
leaf_count=71 34 31 24 20 22 20
internal_value=0.00151351 -0.00130233 0.00294737 -0.00290909 0.00541936 0.008
internal_weight=222 129 95 44 93 51
internal_count=222 129 95 44 93 51
is_linear=0
shrinkage=0.08


Tree=75
num_leaves=8
num_cat=0
split_feature=20 43 2 12 4 2 0
split_gain=0.711505 0.478255 0.794484 0.240079 0.0634921 0.104762 1.11022e-16
threshold=0.25045000000000006 0.36225000000000007 680215.65000000014 0.45002009857612274 62.065000000000005 255665.50000000003 0.50940000000000019
decision_type=2 2 2 2 2 2 2
left_child=-1 3 -3 4 5 -2 -6
right_child=1 2 -4 -5 6 -7 -8
leaf_value=-0.00011990956425675108 1.3000127155110462e-05 -7.555577235517651e-05 3.4557720796542957e-05 -3.4713693738077189e-05 4.9599594731191721e-05 -4.657337279304929e-06 0.001484527745475867
leaf_weight=25 22 20 27 24 55 20 29
leaf_count=25 22 20 27 24 55 20 29
internal_value=0.00151351 0.0031269 -0.00391489 0.00533333 0.00673016 0.00419048 0.008
internal_weight=222 197 47 150 126 42 84
internal_count=222 197 47 150 126 42 84
is_linear=0
shrinkage=0.08


Tree=76
num_leaves=8
num_cat=0
split_feature=20 43 2 34 26 9 1
split_gain=0.633122 0.374296 0.794484 0.304893 0.763926 0.0391304 1.11022e-16
threshold=0.25045000000000006 0.36225000000000007 680215.65000000014 0.47310000000000002 0.58595000000000008 10.500000000000002 149621.30000000002
decision_type=2 2 2 2 2 2 2
left_child=-1 3 -3 5 -5 -2 -7
right_child=1 2 -4 4 -6 6 -8
leaf_value=-0.00011031679911621078 0.00075659591415245479 -6.9511310566761726e-05 3.1793103132821021e-05 -0.00010795277752234363 1.5175350310938836e-05 4.0183154349591984e-05 0.0013657655258377981
leaf_weight=25 20 20 27 26 32 43 29
leaf_count=25 20 20 27 26 32 43 29
internal_value=0.000792793 0.00231472 -0.00391489 0.00426667 -0.000275862 0.00713043 0.008
internal_weight=222 197 47 150 58 92 72
internal_count=222 197 47 150 58 92 72
is_linear=0
shrinkage=0.08


Tree=77
num_leaves=7
num_cat=0
split_feature=20 43 2 32 42 0
split_gain=0.671742 0.424685 0.794484 0.309742 0.120233 2.22045e-16
threshold=0.25045000000000006 0.36225000000000007 680215.65000000014 0.27610000000000007 0.1445535972586259 0.49355000000000004
decision_type=2 2 2 2 2 2
left_child=-1 3 -3 -2 -5 -6
right_child=1 2 -4 4 5 -7
leaf_value=-0.00010149145518691344 -1.8421109349997597e-06 -6.3950405721420838e-05 2.9249654882193996e-05 0.00038215687874072605 1.934176939270872e-05 0.0033362616148304579
leaf_weight=25 31 20 27 26 58 35
leaf_count=25 31 20 27 26 58 35
internal_value=0.00115315 0.00272081 -0.00391489 0.0048 0.00665546 0.008
internal_weight=222 197 47 150 119 93
internal_count=222 197 47 150 119 93
is_linear=0
shrinkage=0.08


Tree=78
num_leaves=8
num_cat=0
split_feature=20 32 13 32 1 0 0
split_gain=0.398409 0.481825 0.998048 0.349082 0.040991 1.11022e-16 1.11022e-16
threshold=0.25045000000000006 0.52960000000000018 0.1541593494438929 0.27610000000000007 104692.75000000001 0.52720000000000011 0.49355000000000004
decision_type=2 2 2 2 2 2 2
left_child=-1 3 -3 -2 -5 6 -6
right_child=1 2 -4 4 5 -7 -8
leaf_value=-9.3372138771959432e-05 -1.6947420601987139e-06 -0.0001062086053503205 3.3122598929472484e-05 8.3467251386917087e-06 2.6934178011152697e-05 0.0022888815015099226 0.0027265643043766631
leaf_weight=25 31 23 32 20 46 21 24
leaf_count=25 31 23 32 20 46 21 24
internal_value=0.00151351 0.00272081 -0.00363636 0.0051831 0.00727928 0.008 0.008
internal_weight=222 197 55 142 111 91 70
internal_count=222 197 55 142 111 91 70
is_linear=0
shrinkage=0.08


Tree=79
num_leaves=7
num_cat=0
split_feature=11 4 12 12 0 0
split_gain=0.40544 0.405163 0.534676 0.307331 2.22045e-16 1.11022e-16
threshold=0.13192244176095744 123.16000000000001 0.44918837545822887 0.43459358374122159 0.55875000000000008 0.44255000000000005
decision_type=2 2 2 2 2 2
left_child=-1 2 3 -2 5 -5
right_child=1 -3 -4 4 -6 -7
leaf_value=-0.00010007445637778812 4.9280109986720321e-06 -2.1491139847845155e-05 -4.0680298767917636e-05 8.1983519692681112e-06 2.7660197165778234e-05 0.0016811571490625635
leaf_weight=24 24 36 29 58 20 31
leaf_count=24 24 36 29 58 20 31
internal_value=0.00115315 0.00234343 0.00404938 0.00619549 0.008 0.008
internal_weight=222 198 162 133 109 89
internal_count=222 198 162 133 109 89
is_linear=0
shrinkage=0.08


Tree=80
num_leaves=8
num_cat=0
split_feature=28 1 24 0 1 11 0
split_gain=0.472317 0.883745 0.521267 0.677583 0.30393 0.125926 0.0376543
threshold=0.43745000000000006 138224.50000000003 0.60600000000000009 0.42885000000000001 104692.75000000001 0.15449132771635751 0.69795000000000018
decision_type=2 2 2 2 2 2 2
left_child=1 5 3 -3 -2 -1 -6
right_child=4 2 -4 -5 6 -7 -8
leaf_value=6.0727823732822475e-06 -5.119577575117717e-05 -9.4228701284031585e-05 4.1206975743744678e-05 -0.00015699644948886812 0.0016196909132346414 2.0772104893169512e-05 1.8248555769251548e-05
leaf_weight=20 20 21 23 23 61 34 20
leaf_count=20 20 21 23 23 61 34 20
internal_value=0.000792793 -0.00257851 -0.00871642 -0.0138182 0.00483168 0.00503704 0.00701235
internal_weight=222 121 67 44 101 54 81
internal_count=222 121 67 44 101 54 81
is_linear=0
shrinkage=0.08


Tree=81
num_leaves=7
num_cat=0
split_feature=20 30 28 12 1 18
split_gain=0.466849 0.724642 0.57904 0.414648 0.244216 0.148052
threshold=0.44645000000000007 0.39845000000000003 0.38320000000000004 0.44319523326043953 106721.8 0.30210000000000009
decision_type=2 2 2 2 2 2
left_child=1 -1 3 -3 -2 -6
right_child=4 2 -4 -5 5 -7
leaf_value=-4.6293557273537753e-05 -4.7100113691082014e-05 9.241432815229829e-05 -0.00010987822417134892 -9.2949167831646032e-06 -7.1968740158084946e-07 0.0013564734684979652
leaf_weight=28 20 46 26 25 20 57
leaf_count=28 20 46 26 25 20 57
internal_value=-0.000288288 -0.00352 -0.000247422 0.00349296 0.00387629 0.00592208
internal_weight=222 125 97 71 97 77
internal_count=222 125 97 71 97 77
is_linear=0
shrinkage=0.08


Tree=82
num_leaves=8
num_cat=0
split_feature=36 30 39 40 41 3 0
split_gain=0.699825 0.830832 0.676624 0.885722 0.615258 0.22421 5.55112e-17
threshold=0.46860000000000007 0.37070000000000008 0.48849190865093778 0.14843129922094209 0.49289897148871037 19.750000000000004 0.5354000000000001
decision_type=2 2 2 2 2 2 2
left_child=1 -1 -3 -4 -5 -2 -7
right_child=5 2 3 4 -6 6 -8
leaf_value=-8.3822594513552901e-05 7.1975040274198213e-06 0.00010743011042377619 -7.605217759553635e-05 -9.6496083670995838e-05 0.00057865386887050283 0.0044099512085387926 0.00026198338946815524
leaf_weight=20 39 30 33 23 30 24 23
leaf_count=20 39 30 33 23 30 24 23
internal_value=-0.00136937 -0.00494118 -0.00234483 -0.00595349 0.00045283 0.00427907 0.008
internal_weight=222 136 116 86 53 86 47
internal_count=222 136 116 86 53 86 47
is_linear=0
shrinkage=0.08


Tree=83
num_leaves=8
num_cat=0
split_feature=36 4 40 42 42 28 3
split_gain=0.585027 0.905022 1.16009 1.2921 0.710572 0.507692 0.233239
threshold=0.49750000000000005 55.400000000000006 0.153865129906574 0.14645985596268216 0.14410329172397487 0.32685000000000003 17.550000000000004
decision_type=2 2 2 2 2 2 2
left_child=1 -1 3 4 -3 -6 -2
right_child=6 2 -4 -5 5 -7 -8
leaf_value=3.3399858876506574e-05 -6.3756916720307199e-05 -7.5807308628459175e-05 0.0006865231710014622 -0.00025498306200144881 4.6974321087522653e-05 -4.5708790477231316e-05 0.0018645775824110528
leaf_weight=31 25 21 25 22 22 30 46
leaf_count=31 25 21 25 22 22 30 46
internal_value=-0.00136937 -0.00418543 -0.00733333 -0.0113684 -0.00624657 -0.00123077 0.00461972
internal_weight=222 151 120 95 73 52 71
internal_count=222 151 120 95 73 52 71
is_linear=0
shrinkage=0.08


Tree=84
num_leaves=7
num_cat=0
split_feature=43 34 34 12 10 10
split_gain=0.92697 1.3195 1.30246 0.971264 1.11806 0.0386364
threshold=0.36225000000000007 0.28130000000000005 0.46215000000000006 0.44120322960075281 0.45121083333333334 0.4284888983050848
decision_type=2 2 2 2 2 2
left_child=2 -2 5 -4 -5 -1
right_child=1 -3 3 4 -6 -7
leaf_value=2.8037201716404159e-05 0.00014615145936631998 -8.5352083722847806e-05 0.00022186864636606824 -0.00017356287754647013 -8.5396466835517255e-06 0.00091929617783653977
leaf_weight=20 27 20 29 20 38 68
leaf_count=20 27 20 29 20 38 68
internal_value=-0.00245045 -0.0124255 0.000228572 -0.00671264 -0.0126897 0.00709091
internal_weight=222 47 175 87 58 88
internal_count=222 47 175 87 58 88
is_linear=0
shrinkage=0.08


Tree=85
num_leaves=7
num_cat=0
split_feature=9 28 43 4 4 0
split_gain=0.616278 1.225 0.44538 0.405984 0.905775 0.122711
threshold=47.500000000000007 0.40855000000000002 0.36225000000000007 67.040000000000006 57.395000000000003 0.4149000000000001
decision_type=2 2 2 2 2 2
left_child=2 -2 3 4 -1 -5
right_child=1 -3 -4 5 -6 -7
leaf_value=2.9755553753147011e-05 -8.2714765921414258e-05 0.0068281508901591294 -9.23631549711374e-05 5.6043418513667175e-05 -0.00010105604261636756 0.00061584180330121298
leaf_weight=33 20 20 38 24 20 67
leaf_count=33 20 20 38 24 20 67
internal_value=-0.00100901 -0.01 0.000967033 0.003 -0.00256604 0.00624176
internal_weight=222 40 182 144 53 91
internal_count=222 40 182 144 53 91
is_linear=0
shrinkage=0.08


Tree=86
num_leaves=8
num_cat=0
split_feature=20 43 3 1 0 34 0
split_gain=0.816038 0.537908 0.525983 0.693048 0.353922 0.150617 0.116667
threshold=0.25660000000000005 0.40020000000000006 18.350000000000005 140014.40000000002 0.31005000000000005 0.44980000000000003 0.42110000000000003
decision_type=2 2 2 2 2 2 2
left_child=-1 2 3 4 -2 -4 -6
right_child=1 -3 5 -5 6 -7 -8
leaf_value=-6.1692333741130548e-05 -6.3315498803998024e-05 -8.2649598587632682e-05 0.0004518536953930223 -9.0923138780391892e-05 1.8636272195577973e-05 0.00010346329707689555 1.4099035916891021e-05
leaf_weight=28 20 25 61 20 28 20 20
leaf_count=28 20 25 61 20 28 20 20
internal_value=-0.00209009 -0.000247422 0.00137278 -0.00290909 0.000941177 0.00602469 0.00466667
internal_weight=222 194 169 88 68 81 48
internal_count=222 194 169 88 68 81 48
is_linear=0
shrinkage=0.08


Tree=87
num_leaves=7
num_cat=0
split_feature=20 43 2 30 34 40
split_gain=0.862755 0.817855 1.07381 0.419065 0.211074 0.267559
threshold=0.25660000000000005 0.36225000000000007 695497.10000000021 0.62775000000000014 0.47310000000000002 0.14875154337846239
decision_type=2 2 2 2 2 2
left_child=-1 3 -3 4 -2 -6
right_child=1 2 -4 -5 5 -7
leaf_value=-5.6756947041840935e-05 0.00056363995926788962 -0.00011951061364900418 2.2709905508115171e-05 -6.1153527320916495e-05 -2.9167781853038916e-05 1.0686312500959162e-05
leaf_weight=28 71 21 26 30 26 20
leaf_count=28 71 21 26 30 26 20
internal_value=-0.00172973 0.000164949 -0.00902128 0.00310204 0.00526496 0.00104348
internal_weight=222 194 47 147 117 46
internal_count=222 194 47 147 117 46
is_linear=0
shrinkage=0.08


Tree=88
num_leaves=8
num_cat=0
split_feature=20 13 3 2 26 36 1
split_gain=1.05646 0.99203 1.35346 0.695479 0.983756 0.127976 0.025
threshold=0.52360000000000018 0.14166876073230736 18.350000000000005 386938.55000000005 0.44025000000000009 0.6765000000000001 104692.75000000001
decision_type=2 2 2 2 2 2 2
left_child=1 2 -1 6 -5 -2 -3
right_child=5 3 -4 4 -6 -7 -8
leaf_value=-5.6609760972645974e-05 0.0022564975265907776 2.7583849980370169e-05 -7.8437791283182632e-06 1.1617288244521868e-05 -0.00018250691902418667 0.0013919295008309044 0.00047470084347752301
leaf_weight=23 43 20 27 37 31 21 20
leaf_count=23 43 20 27 37 31 21 20
internal_value=-0.00317117 -0.00668354 -0.016 -0.00237037 -0.00729412 0.0055 0.006
internal_weight=222 158 50 108 68 64 40
internal_count=222 158 50 108 68 64 40
is_linear=0
shrinkage=0.08


Tree=89
num_leaves=8
num_cat=0
split_feature=13 28 11 44 26 38 2
split_gain=0.852663 0.928571 0.460755 0.857143 0.428927 1.26649 0.0348485
threshold=0.14166876073230736 0.47460000000000008 0.18242961813571534 0.93450078753463328 0.44025000000000009 -0.22824999999999998 394531.65000000008
decision_type=2 2 2 2 2 2 2
left_child=1 -1 4 -4 6 -6 -2
right_child=2 -3 3 -5 5 -7 -8
leaf_value=-3.8974644311597853e-05 0.00043524534620482258 9.0213179153343743e-05 -5.5470631322817756e-05 2.8212505670938137e-05 4.2015665301038114e-05 -0.00084036886303552312 0.00063380320591817005
leaf_weight=39 20 24 21 21 29 22 46
leaf_count=39 20 24 21 21 29 22 46
internal_value=-0.00317117 -0.0110476 -5.03142e-05 -0.00723809 0.00252991 -0.00298039 0.00678788
internal_weight=222 63 159 42 117 51 66
internal_count=222 63 159 42 117 51 66
is_linear=0
shrinkage=0.08


Tree=90
num_leaves=9
num_cat=0
split_feature=22 13 3 41 20 44 18 1
split_gain=0.806547 0.610934 0.92602 0.655844 0.900936 0.966376 0.116667 0.0282609
threshold=0.30525000000000008 0.14166876073230736 18.350000000000005 0.4940728959810875 0.37700000000000006 0.84966658121610117 0.51800000000000013 159638.40000000002
decision_type=2 2 2 2 2 2 2 2
left_child=7 2 -2 4 -3 -6 -5 -1
right_child=1 3 -4 6 5 -7 -8 -9
leaf_value=0.00096353093479764574 -4.1207184819194475e-05 1.193193523205631e-05 -8.4762642871477524e-06 0.00017012225272147432 -0.00032114984034244543 -2.1232656007107972e-05 2.0715049542007419e-05 0.0015277372521952637
leaf_weight=20 25 38 24 28 20 21 20 26
leaf_count=20 25 38 24 28 20 21 20 26
internal_value=-0.00317117 -0.00563636 -0.0132245 -0.00270866 -0.00718987 -0.0154146 0.00466667 0.00626087
internal_weight=222 176 49 127 79 41 48 46
internal_count=222 176 49 127 79 41 48 46
is_linear=0
shrinkage=0.08


Tree=91
num_leaves=8
num_cat=0
split_feature=22 30 34 20 44 4 1
split_gain=0.632253 0.73968 1.50012 0.68716 1.04219 0.317647 0.0282609
threshold=0.30525000000000008 0.39845000000000003 0.32155000000000006 0.37700000000000006 0.83324241079021855 87.605000000000018 159638.40000000002
decision_type=2 2 2 2 2 2 2
left_child=6 2 -2 5 -5 -3 -1
right_child=1 3 -4 4 -6 -7 -8
leaf_value=0.00088644846001383634 5.7291985100742004e-05 4.0354629486326631e-05 -8.683082030363377e-05 -8.9343286494824109e-05 0.0002595567071655371 -7.3004799320357502e-06 0.0014055182720196446
leaf_weight=20 25 48 26 32 25 20 26
leaf_count=20 25 48 26 32 25 20 26
internal_value=-0.00209009 -0.00427273 -0.0123922 -0.00096 -0.0074386 0.00447059 0.00626087
internal_weight=222 176 51 125 57 68 46
internal_count=222 176 51 125 57 68 46
is_linear=0
shrinkage=0.08


Tree=92
num_leaves=9
num_cat=0
split_feature=13 36 3 22 30 32 13 2
split_gain=0.566102 0.716298 0.761552 0.384906 0.87533 0.449736 1.16206 0.0318182
threshold=0.14166876073230736 0.49750000000000005 19.150000000000002 0.31215000000000004 0.37070000000000008 0.33715000000000006 0.15601991285857342 592760.50000000012
decision_type=2 2 2 2 2 2 2 2
left_child=1 2 -1 -2 -5 6 -6 -7
right_child=3 -3 -4 4 5 7 -8 -9
leaf_value=-3.8819634796442783e-05 0.0028846775358347043 7.3150104712450573e-05 -5.2296565539076834e-06 -7.5382718681721764e-05 4.3230170496540305e-05 1.7733205895074405e-05 -0.00079488899205130449 0.00014681044642496157
leaf_weight=22 34 20 21 24 24 35 22 20
leaf_count=22 34 20 21 24 24 35 22 20
internal_value=-0.00209009 -0.00850794 -0.0143256 0.00045283 -0.0016 0.00166337 -0.00417391 0.00654545
internal_weight=222 63 43 159 125 101 46 55
internal_count=222 63 43 159 125 101 46 55
is_linear=0
shrinkage=0.08


end of trees

feature_importances:
memory_usage=90
lag_2=52
network_rx=35
lag_3=30
network_tx=29
rolling_std_60min=28
memory_rate_of_change=27
rolling_mean_60min=22
request_rate=21
lag_6=21
lag_9=17
minute_of_hour=13
lag_7=13
rolling_std_15min=12
lag_8=12
lag_1=11
lag_10=11
disk_iops=10
mem_rolling_mean_15min=10
mem_rolling_mean_60min=10
cpu_memory_ratio=10
rolling_mean_15min=8
lag_4=7
mem_rolling_std_15min=7
mem_rolling_std_60min=7
lag_5=5
cpu_rate_of_change=4
pod_count=2

parameters:
[boosting: gbdt]
[objective: quantile]
[metric: quantile]
[tree_learner: serial]
[device_type: cpu]
[data_sample_strategy: bagging]
[data: ]
[valid: ]
[num_iterations: 300]
[learning_rate: 0.08]
[num_leaves: 31]
[num_threads: 0]
[seed: 0]
[deterministic: 0]
[force_col_wise: 0]
[force_row_wise: 0]
[histogram_pool_size: -1]
[max_depth: -1]
[min_data_in_leaf: 20]
[min_sum_hessian_in_leaf: 0.001]
[bagging_fraction: 1]
[pos_bagging_fraction: 1]
[neg_bagging_fraction: 1]
[bagging_freq: 0]
[bagging_seed: 3]
[bagging_by_query: 0]
[feature_fraction: 1]
[feature_fraction_bynode: 1]
[feature_fraction_seed: 2]
[extra_trees: 0]
[extra_seed: 6]
[early_stopping_round: 0]
[early_stopping_min_delta: 0]
[first_metric_only: 0]
[max_delta_step: 0]
[lambda_l1: 0]
[lambda_l2: 0]
[linear_lambda: 0]
[min_gain_to_split: 0]
[drop_rate: 0.1]
[max_drop: 50]
[skip_drop: 0.5]
[xgboost_dart_mode: 0]
[uniform_drop: 0]
[drop_seed: 4]
[top_rate: 0.2]
[other_rate: 0.1]
[min_data_per_group: 100]
[max_cat_threshold: 32]
[cat_l2: 10]
[cat_smooth: 10]
[max_cat_to_onehot: 4]
[top_k: 20]
[monotone_constraints: ]
[monotone_constraints_method: basic]
[monotone_penalty: 0]
[feature_contri: ]
[forcedsplits_filename: ]
[refit_decay_rate: 0.9]
[cegb_tradeoff: 1]
[cegb_penalty_split: 0]
[cegb_penalty_feature_lazy: ]
[cegb_penalty_feature_coupled: ]
[path_smooth: 0]
[interaction_constraints: ]
[verbosity: -1]
[saved_feature_importance_type: 0]
[use_quantized_grad: 0]
[num_grad_quant_bins: 4]
[quant_train_renew_leaf: 0]
[stochastic_rounding: 1]
[linear_tree: 0]
[max_bin: 255]
[max_bin_by_feature: ]
[min_data_in_bin: 3]
[bin_construct_sample_cnt: 200000]
[data_random_seed: 1]
[is_enable_sparse: 1]
[enable_bundle: 1]
[use_missing: 1]
[zero_as_missing: 0]
[feature_pre_filter: 1]
[pre_partition: 0]
[two_round: 0]
[header: 0]
[label_column: ]
[weight_column: ]
[group_column: ]
[ignore_column: ]
[categorical_feature: ]
[forcedbins_filename: ]
[precise_float_parser: 0]
[parser_config_file: ]
[objective_seed: 5]
[num_class: 1]
[is_unbalance: 0]
[scale_pos_weight: 1]
[sigmoid: 1]
[boost_from_average: 1]
[reg_sqrt: 0]
[alpha: 0.1]
[fair_c: 1]
[poisson_max_delta_step: 0.7]
[tweedie_variance_power: 1.5]
[lambdarank_truncation_level: 30]
[lambdarank_norm: 1]
[label_gain: ]
[lambdarank_position_bias_regularization: 0]
[eval_at: ]
[multi_error_top_k: 1]
[auc_mu_weights: ]
[num_machines: 1]
[local_listen_port: 12400]
[time_out: 120]
[machine_list_filename: ]
[machines: ]
[gpu_platform_id: -1]
[gpu_device_id: -1]
[gpu_device_id_list: ]
[gpu_use_dp: 0]
[num_gpu: 1]

end of parameters

pandas_categorical:[]
