tree
version=v4
num_class=1
num_tree_per_iteration=1
label_index=0
max_feature_idx=44
objective=quantile
feature_names=memory_usage network_rx network_tx disk_iops request_rate pod_count hour_of_day day_of_week is_weekend minute_of_hour rolling_mean_15min rolling_std_15min rolling_mean_60min rolling_std_60min cpu_rolling_mean_15 cpu_rolling_std_15 cpu_rolling_mean_60 cpu_rolling_std_60 lag_1 cpu_lag_1 lag_2 cpu_lag_2 lag_3 cpu_lag_3 lag_4 cpu_lag_4 lag_5 cpu_lag_5 lag_6 cpu_lag_6 lag_7 cpu_lag_7 lag_8 cpu_lag_8 lag_9 cpu_lag_9 lag_10 cpu_lag_10 cpu_rate_of_change mem_rolling_mean_15min mem_rolling_std_15min mem_rolling_mean_60min mem_rolling_std_60min memory_rate_of_change cpu_memory_ratio
feature_infos=[0.27479999999999999:0.7752] [33138.699999999997:492250.90000000002] [117811.8:1468728.7] [7.2999999999999998:37.899999999999999] [17.18:220.16] [1:5] none none none [2:59] [0.41232142857142856:0.50714210526315784] [0.12416475240320166:0.24100984267642964] [0.41232142857142856:0.45703628691983123] [0.1388247307753151:0.18105107153231803] [0.41232142857142856:0.50714210526315784] [0.12416475240320166:0.24100984267642964] [0.41232142857142856:0.45703628691983123] [0.1388247307753151:0.18105107153231803] [0.14180000000000001:1.0570999999999999] [0.14180000000000001:1.0570999999999999] [0.14180000000000001:1.0570999999999999] [0.14180000000000001:1.0570999999999999] [0.14180000000000001:1.0570999999999999] [0.14180000000000001:1.0570999999999999] [0.14180000000000001:1.0570999999999999] [0.14180000000000001:1.0570999999999999] [0.14180000000000001:1.0570999999999999] [0.14180000000000001:1.0570999999999999] [0.14180000000000001:1.0570999999999999] [0.14180000000000001:1.0570999999999999] [0.14180000000000001:1.0570999999999999] [0.14180000000000001:1.0570999999999999] [0.14180000000000001:1.0570999999999999] [0.14180000000000001:1.0570999999999999] [0.14180000000000001:1.0570999999999999] [0.14180000000000001:1.0570999999999999] [0.14180000000000001:1.0570999999999999] [0.14180000000000001:1.0570999999999999] [-0.64039999999999997:0.85370000000000001] [0.48155862068965516:0.5056090909090909] [0.13994392130072159:0.17045571538992438] [0.48463571428571434:0.5056090909090909] [0.14260814400118055:0.17045571538992438] [-0.39200000000000002:0.46789999999999998] [0.45889967489029232:2.0724137876063291]
tree_sizes=400 500 500 585 587 570 583 583 581 583 580 579 582 582 664 671 582 583 659 673 583 666 667 666 669 752 747 827 748 743 587 829 836 747 751 838 753 749 759 753 746 669 754 837 841 917 835 759 836 758 759 757 757 936 844 671 837 843 1005 760 837 1003 1013 847 844 1009 842 923 835 838 834 851

Tree=0
num_leaves=3
num_cat=0
split_feature=22 20
split_gain=12.1888 0.454125
threshold=0.24840000000000004 0.63160000000000005
decision_type=2 2
left_child=-1 -2
right_child=1 -3
leaf_value=0.23866159761066436 0.25050399659131783 0.24297839761748316
leaf_weight=25 172 30
leaf_count=25 172 30
internal_value=0.243034 0.249556
internal_weight=227 202
internal_count=227 202
is_linear=0
shrinkage=1


Tree=1
num_leaves=4
num_cat=0
split_feature=22 22 0
split_gain=11.8649 0.912691 2.22045e-16
threshold=0.24840000000000004 0.32425000000000004 0.49915000000000004
decision_type=2 2 2
left_child=-1 -2 -3
right_child=1 2 -4
leaf_value=-0.0041201275528869857 -0.00030547169648360351 0.012031680787202053 0.0051020810787400887
leaf_weight=25 33 116 53
leaf_count=25 33 116 53
internal_value=-0.000810572 0.00562376 0.008
internal_weight=227 202 169
internal_count=227 202 169
is_linear=0
shrinkage=0.08


Tree=2
num_leaves=4
num_cat=0
split_feature=22 22 0
split_gain=11.8649 0.912691 2.22045e-16
threshold=0.24840000000000004 0.32425000000000004 0.49915000000000004
decision_type=2 2 2
left_child=-1 -2 -3
right_child=1 2 -4
leaf_value=-0.0037905173486560261 -0.00028103396076491595 0.011069146324225888 0.0046939145924408798
leaf_weight=25 33 116 53
leaf_count=25 33 116 53
internal_value=-0.000810572 0.00562376 0.008
internal_weight=227 202 169
internal_count=227 202 169
is_linear=0
shrinkage=0.08


Tree=3
num_leaves=5
num_cat=0
split_feature=22 22 36 0
split_gain=10.4493 0.854252 0.0440828 2.22045e-16
threshold=0.24840000000000004 0.32425000000000004 0.55645000000000011 0.69795000000000018
decision_type=2 2 2 2
left_child=-1 -2 3 -3
right_child=1 2 -4 -5
leaf_value=-0.0034872759607635453 -0.00025855124390372186 0.008680414092181326 0.003441458181527446 0.005807999648755691
leaf_weight=25 33 122 20 27
leaf_count=25 33 122 20 27
internal_value=-0.000810572 0.00522772 0.00752663 0.008
internal_weight=227 202 169 149
internal_count=227 202 169 149
is_linear=0
shrinkage=0.08


Tree=4
num_leaves=5
num_cat=0
split_feature=22 22 36 0
split_gain=8.20907 1.05483 0.0440828 2.22045e-16
threshold=0.24000000000000002 0.32425000000000004 0.55645000000000011 0.69795000000000018
decision_type=2 2 2 2
left_child=-1 -2 3 -3
right_child=1 2 -4 -5
leaf_value=-0.0032178936889237452 -0.00035569146232020311 0.0079859809648068179 0.0031661415270052484 0.0053433596768552374
leaf_weight=22 36 122 20 27
leaf_count=22 36 122 20 27
internal_value=-0.000105727 0.00487805 0.00752663 0.008
internal_weight=227 205 169 149
internal_count=227 205 169 149
is_linear=0
shrinkage=0.08


Tree=5
num_leaves=5
num_cat=0
split_feature=22 20 9 0
split_gain=7.1916 0.606333 0.044012 4.44089e-16
threshold=0.25270000000000009 0.59875 8.5000000000000018 0.69795000000000018
decision_type=2 2 2 2
left_child=-1 2 -2 -4
right_child=1 -3 3 -5
leaf_value=-0.0029412625837672789 0.0047853708870061375 -0.00038565556361195436 0.0069983021675215709 0.004287739080637662
leaf_weight=28 20 32 116 31
leaf_count=28 20 32 116 31
internal_value=0.000246696 0.00558794 0.00752096 0.008
internal_weight=227 199 167 147
internal_count=227 199 167 147
is_linear=0
shrinkage=0.08


Tree=6
num_leaves=5
num_cat=0
split_feature=22 22 36 0
split_gain=7.11042 0.686638 0.043865 2.22045e-16
threshold=0.24840000000000004 0.34320000000000006 0.55645000000000011 0.69495000000000007
decision_type=2 2 2 2
left_child=-1 -2 3 -3
right_child=1 2 -4 -5
leaf_value=-0.0027155613820871792 -0.000329305214178275 0.0072866324066955717 0.0029437026499337881 0.0044768233698802926
leaf_weight=25 39 116 20 27
leaf_count=25 39 116 20 27
internal_value=0.000246696 0.00522772 0.0075092 0.008
internal_weight=227 202 163 143
internal_count=227 202 163 143
is_linear=0
shrinkage=0.08


Tree=7
num_leaves=5
num_cat=0
split_feature=22 22 3 0
split_gain=6.98643 0.699041 1.11746 2.22045e-16
threshold=0.24840000000000004 0.38485000000000008 20.550000000000004 0.51125000000000009
decision_type=2 2 2 2
left_child=-1 2 -2 -3
right_child=1 3 -4 -5
leaf_value=-0.0024983164715202057 -0.00078083396978400829 0.0078283080284103565 0.0023985888254508354 0.0042354731351819525
leaf_weight=25 30 110 33 29
leaf_count=25 30 110 33 29
internal_value=-0.000105727 0.00483168 -0.00215873 0.008
internal_weight=227 202 63 139
internal_count=227 202 63 139
is_linear=0
shrinkage=0.08


Tree=8
num_leaves=5
num_cat=0
split_feature=22 22 3 0
split_gain=5.1341 0.699041 1.11746 2.22045e-16
threshold=0.24840000000000004 0.38485000000000008 20.550000000000004 0.51125000000000009
decision_type=2 2 2 2
left_child=-1 2 -2 -3
right_child=1 3 -4 -5
leaf_value=-0.0022984511537985884 -0.00071836725220128744 0.0072020433861375291 0.0022067017194147671 0.0038966352843673954
leaf_weight=25 30 110 33 29
leaf_count=25 30 110 33 29
internal_value=0.000599119 0.00483168 -0.00215873 0.008
internal_weight=227 202 63 139
internal_count=227 202 63 139
is_linear=0
shrinkage=0.08


Tree=9
num_leaves=5
num_cat=0
split_feature=22 22 36 0
split_gain=5.24046 0.686638 0.043865 2.22045e-16
threshold=0.24840000000000004 0.34320000000000006 0.55645000000000011 0.69495000000000007
decision_type=2 2 2 2
left_child=-1 -2 3 -3
right_child=1 2 -4 -5
leaf_value=-0.0021145750614947013 -0.0001830246992851864 0.005734261864353443 0.0028281425356979127 0.0034681088267259179
leaf_weight=25 39 116 20 27
leaf_count=25 39 116 20 27
internal_value=0.000951542 0.00522772 0.0075092 0.008
internal_weight=227 202 163 143
internal_count=227 202 163 143
is_linear=0
shrinkage=0.08


Tree=10
num_leaves=5
num_cat=0
split_feature=22 22 3 0
split_gain=3.43034 0.657502 1.0303 2.22045e-16
threshold=0.24000000000000002 0.38485000000000008 20.550000000000004 0.51125000000000009
decision_type=2 2 2 2
left_child=-1 2 -2 -3
right_child=1 3 -4 -5
leaf_value=-0.0019550088615964078 -0.00061772306627985425 0.0061671389660982534 0.001998941680750032 0.0033074557554799286
leaf_weight=22 32 110 34 29
leaf_count=22 32 110 34 29
internal_value=0.00165639 0.00487805 -0.00169697 0.008
internal_weight=227 205 66 139
internal_count=227 205 66 139
is_linear=0
shrinkage=0.08


Tree=11
num_leaves=5
num_cat=0
split_feature=22 22 3 0
split_gain=3.43034 0.657502 1.0303 2.22045e-16
threshold=0.24000000000000002 0.38485000000000008 20.550000000000004 0.51125000000000009
decision_type=2 2 2 2
left_child=-1 2 -2 -3
right_child=1 3 -4 -5
leaf_value=-0.0017986081526686949 -0.000568305220977466 0.0056737678488103915 0.0018390263462900285 0.0030428592950415352
leaf_weight=22 32 110 34 29
leaf_count=22 32 110 34 29
internal_value=0.00165639 0.00487805 -0.00169697 0.008
internal_weight=227 205 66 139
internal_count=227 205 66 139
is_linear=0
shrinkage=0.08


Tree=12
num_leaves=5
num_cat=0
split_feature=22 22 3 0
split_gain=2.15693 0.5034 0.788826 2.22045e-16
threshold=0.24000000000000002 0.38485000000000008 20.550000000000004 0.51125000000000009
decision_type=2 2 2 2
left_child=-1 2 -2 -3
right_child=1 3 -4 -5
leaf_value=-0.0016547195004551997 -0.00052284080329926793 0.0052198664209055588 0.0016919042385868269 0.0027994305514382105
leaf_weight=22 32 110 34 29
leaf_count=22 32 110 34 29
internal_value=0.00271366 0.00526829 -0.000484848 0.008
internal_weight=227 205 66 139
internal_count=227 205 66 139
is_linear=0
shrinkage=0.08


Tree=13
num_leaves=5
num_cat=0
split_feature=22 22 3 0
split_gain=2.15693 0.5034 0.788826 2.22045e-16
threshold=0.24000000000000002 0.38485000000000008 20.550000000000004 0.51125000000000009
decision_type=2 2 2 2
left_child=-1 2 -2 -3
right_child=1 3 -4 -5
leaf_value=-0.0015223419404187832 -0.00048101353903532719 0.0048022771072331154 0.0015565518994998797 0.0025754761073231531
leaf_weight=22 32 110 34 29
leaf_count=22 32 110 34 29
internal_value=0.00271366 0.00526829 -0.000484848 0.008
internal_weight=227 205 66 139
internal_count=227 205 66 139
is_linear=0
shrinkage=0.08


Tree=14
num_leaves=6
num_cat=0
split_feature=22 22 3 1 0
split_gain=2.15693 0.5034 0.594532 0.113043 2.22045e-16
threshold=0.24000000000000002 0.38485000000000008 19.550000000000004 180467.95000000004 0.51125000000000009
decision_type=2 2 2 2 2
left_child=-1 2 -2 -4 -3
right_child=1 4 3 -5 -6
leaf_value=-0.0014005545851852807 -0.0004951546179397413 0.0044180949386544641 0.00021755014466293916 0.0018687829476083811 0.0023694380187372992
leaf_weight=22 20 110 20 26 29
leaf_count=22 20 110 20 26 29
internal_value=0.00271366 0.00526829 -0.000484848 0.00452174 0.008
internal_weight=227 205 66 46 139
internal_count=227 205 66 46 139
is_linear=0
shrinkage=0.08


Tree=15
num_leaves=6
num_cat=0
split_feature=22 41 22 28 0
split_gain=2.15693 0.585369 0.747036 0.0437888 2.22045e-16
threshold=0.24000000000000002 0.49773865089514069 0.38485000000000008 0.6482500000000001 0.69795000000000018
decision_type=2 2 2 2 2
left_child=-1 3 -3 4 -2
right_child=1 2 -4 -5 -6
leaf_value=-0.0012885102183704579 0.0027079782268028397 -0.0003822060062124926 0.0047038473051876101 0.00081441067240470082 0.0034087080312142871
leaf_weight=22 119 23 21 20 22
leaf_count=22 119 23 21 20 22
internal_value=0.00271366 0.00526829 -0.00290909 0.00750311 0.008
internal_weight=227 205 44 161 141
internal_count=227 205 44 161 141
is_linear=0
shrinkage=0.08


Tree=16
num_leaves=5
num_cat=0
split_feature=22 22 3 0
split_gain=2.03109 0.832151 0.802139 2.22045e-16
threshold=0.24000000000000002 0.38485000000000008 20.550000000000004 0.51125000000000009
decision_type=2 2 2 2
left_child=-1 2 -2 -3
right_child=1 3 -4 -5
leaf_value=-0.0011854294009008214 -0.00037478399700395938 0.0038480090854178784 0.001306105535369568 0.0018836856638448924
leaf_weight=22 32 110 34 29
leaf_count=22 32 110 34 29
internal_value=0.00200881 0.00448781 -0.00290909 0.008
internal_weight=227 205 66 139
internal_count=227 205 66 139
is_linear=0
shrinkage=0.08


Tree=17
num_leaves=5
num_cat=0
split_feature=22 22 3 0
split_gain=2.03109 0.832151 0.802139 2.22045e-16
threshold=0.24000000000000002 0.38485000000000008 20.550000000000004 0.51125000000000009
decision_type=2 2 2 2
left_child=-1 2 -2 -3
right_child=1 3 -4 -5
leaf_value=-0.0010905950488287553 -0.00034480127724364188 0.0035401683585844479 0.0012016170925400016 0.0017329908107373011
leaf_weight=22 32 110 34 29
leaf_count=22 32 110 34 29
internal_value=0.00200881 0.00448781 -0.00290909 0.008
internal_weight=227 205 66 139
internal_count=227 205 66 139
is_linear=0
shrinkage=0.08


Tree=18
num_leaves=6
num_cat=0
split_feature=22 43 0 2 0
split_gain=1.9027 1.3398 0.82989 1.00511 2.22045e-16
threshold=0.38790000000000008 0.36585000000000006 0.52720000000000011 479563.50000000006 0.68410000000000015
decision_type=2 2 2 2 2
left_child=1 2 3 -1 -2
right_child=4 -3 -4 -5 -6
leaf_value=-0.00039866374584662378 0.0032281548798602702 0.0018836856591461541 -0.00097454802175304977 0.0012068782625682174 0.0015960174437077521
leaf_weight=20 116 27 21 23 20
leaf_count=20 116 27 21 23 20
internal_value=0.00200881 -0.00694505 -0.01325 -0.00688372 0.008
internal_weight=227 91 64 43 136
internal_count=227 91 64 43 136
is_linear=0
shrinkage=0.08


Tree=19
num_leaves=6
num_cat=0
split_feature=30 41 22 20 0
split_gain=1.60318 0.435181 0.640244 0.0436709 4.44089e-16
threshold=0.25660000000000005 0.49773865089514069 0.38485000000000008 0.63600000000000012 0.69795000000000018
decision_type=2 2 2 2 2
left_child=-1 3 -3 4 -2
right_child=1 2 -4 -5 -6
leaf_value=-0.00090618399313964427 0.0022739026396749297 -0.00032357043132462995 0.0034782329438555492 0.00079509347784732418 0.0029318252168210892
leaf_weight=28 116 20 21 20 22
leaf_count=28 116 20 21 20 22
internal_value=0.00306608 0.00558794 -0.0017561 0.00749367 0.008
internal_weight=227 199 41 158 138
internal_count=227 199 41 158 138
is_linear=0
shrinkage=0.08


Tree=20
num_leaves=5
num_cat=0
split_feature=22 0 42 3
split_gain=1.54741 1.25031 0.644841 0.0426471
threshold=0.38790000000000008 0.68660000000000021 0.14469457513581743 24.700000000000006
decision_type=2 2 2 2
left_child=1 2 -1 -2
right_child=3 -3 -4 -5
leaf_value=5.031079646619974e-05 0.0026974351057885721 0.00091012173996044324 -0.00060539562646271243 0.0011744567322856665
leaf_weight=24 116 28 39 20
leaf_count=24 116 28 39 20
internal_value=0.00200881 -0.00606593 -0.0123175 0.00741176
internal_weight=227 91 63 136
internal_count=227 91 63 136
is_linear=0
shrinkage=0.08


Tree=21
num_leaves=6
num_cat=0
split_feature=22 22 39 4 0
split_gain=1.44195 0.623306 0.69409 0.124528 2.22045e-16
threshold=0.24000000000000002 0.41710000000000008 0.4957709482758621 106.84000000000002 0.38395000000000007
decision_type=2 2 2 2 2
left_child=-1 2 3 -2 -3
right_child=1 4 -4 -5 -6
leaf_value=-0.00085166809442341221 0.00082692290536638636 0.011862223630227701 -0.00018759441403527551 0.00048549868851490514 0.0029673844833662723
leaf_weight=22 33 57 37 20 58
leaf_count=22 33 57 37 20 58
internal_value=0.00200881 0.00409756 -0.000888889 0.00498113 0.008
internal_weight=227 205 90 53 115
internal_count=227 205 90 53 115
is_linear=0
shrinkage=0.08


Tree=22
num_leaves=6
num_cat=0
split_feature=22 43 41 34 0
split_gain=1.30723 1.12477 0.911755 0.839683 2.22045e-16
threshold=0.41710000000000008 0.35405000000000009 0.4929228741252038 0.37070000000000008 0.38395000000000007
decision_type=2 2 2 2 2
left_child=1 2 -1 -4 -2
right_child=4 -3 3 -5 -6
leaf_value=0.00036256759327800371 0.010913245739809485 0.00090652943766663719 -0.00053210416308459773 -0.00016344776862062721 0.0027299937246969721
leaf_weight=22 57 34 20 36 58
leaf_count=22 57 34 20 36 58
internal_value=0.00200881 -0.00414286 -0.0094359 -0.0148571 0.008
internal_weight=227 112 78 56 115
internal_count=227 112 78 56 115
is_linear=0
shrinkage=0.08


Tree=23
num_leaves=6
num_cat=0
split_feature=22 43 41 43 0
split_gain=1.30723 0.987544 0.88937 0.87414 2.22045e-16
threshold=0.41710000000000008 0.36585000000000006 0.4929228741252038 0.079500000000000001 0.38395000000000007
decision_type=2 2 2 2 2
left_child=1 2 -1 -4 -2
right_child=4 -3 3 -5 -6
leaf_value=0.00040811078428144951 0.010040186080624725 0.0010190529608785177 -0.00017170460044099972 -0.00057839054196857107 0.0025115942267212154
leaf_weight=23 57 31 31 27 58
leaf_count=23 57 31 31 27 58
internal_value=0.00200881 -0.00414286 -0.00879012 -0.014069 0.008
internal_weight=227 112 81 58 115
internal_count=227 112 81 58 115
is_linear=0
shrinkage=0.08


Tree=24
num_leaves=6
num_cat=0
split_feature=22 32 10 43 0
split_gain=1.30723 0.992777 0.73083 0.32131 2.22045e-16
threshold=0.41710000000000008 0.44980000000000003 0.44592288135593228 0.36585000000000006 0.38395000000000007
decision_type=2 2 2 2 2
left_child=1 2 -1 -3 -2
right_child=4 3 -4 -5 -6
leaf_value=-7.0997516201542003e-06 0.0092369711941747458 -2.4603250931182295e-05 -0.00081346670823754293 0.00093752872400823702 0.0023106666885835195
leaf_weight=22 57 36 23 31 58
leaf_count=22 57 36 23 31 58
internal_value=0.00200881 -0.00414286 -0.0133333 0.00202985 0.008
internal_weight=227 112 45 67 115
internal_count=227 112 45 67 115
is_linear=0
shrinkage=0.08


Tree=25
num_leaves=7
num_cat=0
split_feature=22 22 30 20 3 0
split_gain=1.0403 0.504878 0.644643 0.458009 0.0291667 2.22045e-16
threshold=0.24000000000000002 0.41710000000000008 0.36205000000000004 0.39845000000000003 20.550000000000004 0.38395000000000007
decision_type=2 2 2 2 2 2
left_child=-1 2 4 -4 -2 -3
right_child=1 5 3 -5 -6 -7
leaf_value=-0.00072042215277151286 5.6077240816673655e-05 0.0084980134986407645 0.0010696690989971259 -0.00032420913901206932 0.0011828934829654675 0.0021258133534968362
leaf_weight=22 20 57 22 20 28 58
leaf_count=22 20 57 22 20 28 58
internal_value=0.00271366 0.00448781 2.98023e-10 -0.00723809 0.00633333 0.008
internal_weight=227 205 90 42 48 115
internal_count=227 205 90 42 48 115
is_linear=0
shrinkage=0.08


Tree=26
num_leaves=7
num_cat=0
split_feature=22 10 2 1 0 0
split_gain=0.797581 0.601289 0.258573 0.593407 2.22045e-16 1.11022e-16
threshold=0.42925000000000008 0.45403415254237295 488623.0500000001 190505.60000000003 0.52460000000000007 0.34240000000000009
decision_type=2 2 2 2 2 2
left_child=1 2 -1 -4 5 -2
right_child=4 -3 3 -5 -6 -7
leaf_value=0.0001197967895311098 0.0072196796682430309 -0.00027523624229212218 -0.00030335857754218123 0.00048543869118805095 0.0018227029404228835 0.0024372551473345245
leaf_weight=31 46 35 28 24 20 43
leaf_count=31 46 35 28 24 20 43
internal_value=0.00306608 -0.00149153 0.00221687 -0.00123077 0.008 0.008
internal_weight=227 118 83 52 109 89
internal_count=227 118 83 52 109 89
is_linear=0
shrinkage=0.08


Tree=27
num_leaves=8
num_cat=0
split_feature=22 43 0 10 0 0 0
split_gain=0.91559 0.679427 1.49803 0.597673 0.0261905 2.22045e-16 1.11022e-16
threshold=0.42925000000000008 0.36585000000000006 0.52720000000000011 0.45403415254237295 0.48955000000000004 0.52460000000000007 0.34240000000000009
decision_type=2 2 2 2 2 2 2
left_child=1 2 3 4 -1 6 -2
right_child=5 -3 -4 -5 -6 -7 -8
leaf_value=0.00096215981864935325 0.006642105294783587 0.00086583959238915019 -0.00048586781911494944 -0.0001889284613828855 2.3936494868942485e-05 0.0016768867051890545 0.002242274735547764
leaf_weight=20 46 31 23 22 22 20 43
leaf_count=20 46 31 23 22 22 20 43
internal_value=0.00271366 -0.00216949 -0.0057931 0.0005 0.00609524 0.008 0.008
internal_weight=227 118 87 64 42 109 89
internal_count=227 118 87 64 42 109 89
is_linear=0
shrinkage=0.08


Tree=28
num_leaves=7
num_cat=0
split_feature=20 22 18 1 0 0
split_gain=0.610991 0.209076 0.281158 0.0311321 2.22045e-16 1.11022e-16
threshold=0.6482500000000001 0.42925000000000008 0.44855000000000006 174141.15000000005 0.51125000000000009 0.40245000000000003
decision_type=2 2 2 2 2 2
left_child=1 2 3 -1 5 -3
right_child=-2 4 -4 -5 -6 -7
leaf_value=4.0092398799335577e-05 -0.00042194121582434852 0.005373298562908759 -6.0860461223902519e-06 6.8813857768068346e-05 0.0015427357687739297 0.0021213961508142897
leaf_weight=20 34 58 38 33 20 24
leaf_count=20 34 58 38 33 20 24
internal_value=0.00377093 0.00551295 0.00272527 0.00649057 0.008 0.008
internal_weight=227 193 91 53 102 82
internal_count=227 193 91 53 102 82
is_linear=0
shrinkage=0.08


Tree=29
num_leaves=7
num_cat=0
split_feature=22 43 0 10 0 0
split_gain=0.68771 0.579701 1.0006 0.425354 2.22045e-16 1.11022e-16
threshold=0.42925000000000008 0.35405000000000009 0.52720000000000011 0.4520441071428572 0.52460000000000007 0.34240000000000009
decision_type=2 2 2 2 2 2
left_child=1 2 3 -1 5 -2
right_child=4 -3 -4 -5 -6 -7
leaf_value=0.00059876822874681279 0.0056808729861681992 0.0005998697172339987 -0.00047810234480718714 -9.7573773345111943e-05 0.0014193169072720135 0.0019302153261921489
leaf_weight=38 46 34 20 26 20 43
leaf_count=38 46 34 20 26 20 43
internal_value=0.0034185 -0.000813559 -0.00438095 0.0005 0.008 0.008
internal_weight=227 118 84 64 109 89
internal_count=227 118 84 64 109 89
is_linear=0
shrinkage=0.08


Tree=30
num_leaves=5
num_cat=0
split_feature=30 38 3 0
split_gain=1.02118 1.14872 0.527184 0.0303922
threshold=0.40350000000000003 -0.07909999999999999 20.550000000000004 0.57395000000000007
decision_type=2 2 2 2
left_child=1 -1 -3 -4
right_child=-2 2 3 -5
leaf_value=-0.00060498556561122869 0.0018659216437088429 -2.9047674374894457e-05 0.00029731718956567106 0.00074808521898542257
leaf_weight=20 123 33 20 31
leaf_count=20 123 33 20 31
internal_value=0.00306608 -0.00276923 0.00133333 0.00643137
internal_weight=227 104 84 51
internal_count=227 104 84 51
is_linear=0
shrinkage=0.08


Tree=31
num_leaves=8
num_cat=0
split_feature=22 9 20 36 1 0 0
split_gain=0.91559 0.98716 0.335072 0.403333 0.0282609 2.22045e-16 1.11022e-16
threshold=0.42925000000000008 47.500000000000007 0.50145000000000006 0.42980000000000002 167656.35000000001 0.52460000000000007 0.34240000000000009
decision_type=2 2 2 2 2 2 2
left_child=1 2 3 -1 -4 6 -2
right_child=5 -3 4 -5 -6 -7 -8
leaf_value=0.00068032871787494949 0.0050771294157780349 -0.00064483181287110171 0.00021171584099142072 -0.00012143665033072755 4.1817901415682599e-05 0.0011654405120594563 0.0016265243686000692
leaf_weight=30 46 22 26 20 20 20 43
leaf_count=30 46 22 26 20 20 20 43
internal_value=0.00271366 -0.00216949 0.00133333 -0.0032 0.00626087 0.008 0.008
internal_weight=227 118 96 50 46 109 89
internal_count=227 118 96 50 46 109 89
is_linear=0
shrinkage=0.08


Tree=32
num_leaves=8
num_cat=0
split_feature=30 10 32 32 26 0 0
split_gain=0.700818 0.641988 0.664866 0.349206 0.274421 2.22045e-16 1.11022e-16
threshold=0.47310000000000002 0.45403415254237295 0.47310000000000002 0.60600000000000009 0.56575000000000009 0.39535000000000003 0.52015000000000011
decision_type=2 2 2 2 2 2 2
left_child=1 3 -3 4 6 -2 -1
right_child=5 2 -4 -5 -6 -7 -8
leaf_value=4.0635054929852543e-05 0.0052959450508961283 -0.00035491513256537683 0.00010763229798832014 -9.4756764419610956e-05 0.0001155742028273965 0.0013266372320433484 0.00028427607895471085
leaf_weight=29 58 20 21 22 23 29 25
leaf_count=29 58 20 21 22 23 29 25
internal_value=0.00236123 -0.00114286 -0.00956098 0.00234343 0.00488312 0.008 0.008
internal_weight=227 140 41 99 77 87 54
internal_count=227 140 41 99 77 87 54
is_linear=0
shrinkage=0.08


Tree=33
num_leaves=7
num_cat=0
split_feature=30 43 0 2 0 0
split_gain=0.700818 0.541799 1.13499 0.438294 0.0277778 2.22045e-16
threshold=0.47310000000000002 0.37000000000000005 0.52720000000000011 423856.50000000006 0.45130000000000009 0.39535000000000003
decision_type=2 2 2 2 2 2
left_child=1 2 3 -1 -5 -2
right_child=5 -3 -4 4 -6 -7
leaf_value=-9.1489083967144264e-05 0.0048722694468244371 0.00070284584257038468 -0.00021463893822692745 0.0015485344722898137 0.00080111157491091203 0.0012205062534798806
leaf_weight=35 58 32 28 20 25 29
leaf_count=35 58 32 28 20 25 29
internal_value=0.00236123 -0.00114286 -0.00385185 0.001 0.00622222 0.008
internal_weight=227 140 108 80 45 87
internal_count=227 140 108 80 45 87
is_linear=0
shrinkage=0.08


Tree=34
num_leaves=7
num_cat=0
split_feature=30 10 24 32 0 0
split_gain=0.536564 0.51926 1.10345 0.249843 0.0336066 2.22045e-16
threshold=0.47310000000000002 0.44832000000000011 0.48495000000000005 0.60600000000000009 0.52720000000000011 0.39535000000000003
decision_type=2 2 2 2 2 2
left_child=1 3 -3 4 -1 -2
right_child=5 2 -4 -5 -6 -7
leaf_value=0.00077942782063050026 0.0044824878910784812 -0.0003411124671842568 0.00033709624275924814 -7.8601662174620124e-05 3.4485141153686937e-05 0.0011228657532014919
leaf_weight=41 58 29 29 21 20 29
leaf_count=41 58 29 29 21 20 29
internal_value=0.00306608 2.98023e-10 -0.0057931 0.00409756 0.00668852 0.008
internal_weight=227 140 58 82 61 87
internal_count=227 140 58 82 61 87
is_linear=0
shrinkage=0.08


Tree=35
num_leaves=8
num_cat=0
split_feature=22 43 10 2 43 0 0
split_gain=0.801097 0.718093 0.541549 0.642756 0.324279 0.0402913 1.11022e-16
threshold=0.44365000000000004 0.36585000000000006 0.44592288135593228 479563.50000000006 0.087350000000000025 0.51125000000000009 0.40245000000000003
decision_type=2 2 2 2 2 2 2
left_child=1 2 4 -4 -1 6 -2
right_child=5 -3 3 -5 -6 -7 -8
leaf_value=0.00070293853079898339 0.0039384361808995471 0.0004067188511431394 -0.00025227054755707441 5.968813858234501e-05 -8.0681929118579134e-05 0.0010606353374443716 0.001728905296405964
leaf_weight=29 61 32 21 22 20 20 22
leaf_count=29 61 32 21 22 20 20 22
internal_value=0.00200881 -0.00232258 -0.00591304 -0.0124651 -0.000163265 0.0072233 0.008
internal_weight=227 124 92 43 49 103 83
internal_count=227 124 92 43 49 103 83
is_linear=0
shrinkage=0.08


Tree=36
num_leaves=7
num_cat=0
split_feature=22 0 41 41 0 0
split_gain=0.801097 0.630221 0.800135 1.02564 0.0402913 1.11022e-16
threshold=0.44365000000000004 0.70710000000000017 0.4929228741252038 0.49444472125170902 0.51125000000000009 0.40245000000000003
decision_type=2 2 2 2 2 2
left_child=1 2 -1 -4 5 -2
right_child=4 -3 3 -5 -6 -7
leaf_value=0.00030161844265951356 0.0036233612864275816 0.00062785611791197715 -0.00060101669833675193 -3.2802615232630786e-05 0.00097578451044882096 0.0015905928726934874
leaf_weight=30 61 29 26 39 20 22
leaf_count=30 61 29 26 39 20 22
internal_value=0.00200881 -0.00232258 -0.00547368 -0.0104615 0.0072233 0.008
internal_weight=227 124 95 65 103 83
internal_count=227 124 95 65 103 83
is_linear=0
shrinkage=0.08


Tree=37
num_leaves=7
num_cat=0
split_feature=30 12 24 20 28 0
split_gain=0.700818 0.571429 1.05195 0.22069 0.284573 2.22045e-16
threshold=0.47310000000000002 0.44360672536945822 0.48495000000000005 0.55645000000000011 0.42980000000000002 0.39535000000000003
decision_type=2 2 2 2 2 2
left_child=1 3 -3 4 -1 -2
right_child=5 2 -4 -5 -6 -7
leaf_value=0.000549323025271507 0.0035189450624060307 -0.00046099575433019283 0.00022100195393335263 0.00028780734969520552 -3.0691750299994858e-05 0.00087012290511391706
leaf_weight=38 58 22 28 32 20 29
leaf_count=38 58 22 28 32 20 29
internal_value=0.00236123 -0.00114286 -0.008 0.00266667 -0.000275862 0.008
internal_weight=227 140 50 90 58 87
internal_count=227 140 50 90 58 87
is_linear=0
shrinkage=0.08


Tree=38
num_leaves=7
num_cat=0
split_feature=30 12 24 20 13 0
split_gain=0.615953 0.503358 0.874744 0.267449 0.374026 2.22045e-16
threshold=0.47310000000000002 0.44397241258103998 0.48495000000000005 0.50145000000000006 0.15787581846002713 0.39535000000000003
decision_type=2 2 2 2 2 2
left_child=1 3 -3 4 -1 -2
right_child=5 2 -4 -5 -6 -7
leaf_value=-9.3115377324110601e-05 0.0032374294574135493 -0.00047754791765400561 0.00017584684003322035 0.00016234081875797881 0.00056593846732915507 0.00080051307270480494
leaf_weight=35 58 20 27 38 20 29
leaf_count=35 58 20 27 38 20 29
internal_value=0.00271366 -0.000571428 -0.00731915 0.00283871 -0.000727272 0.008
internal_weight=227 140 47 93 55 87
internal_count=227 140 47 93 55 87
is_linear=0
shrinkage=0.08


Tree=39
num_leaves=7
num_cat=0
split_feature=22 2 40 11 0 0
split_gain=0.905538 1.06323 0.771834 0.128571 0.0408257 1.11022e-16
threshold=0.42925000000000008 531864.85000000021 0.15048860714668896 0.15193505717182523 0.52460000000000007 0.34240000000000009
decision_type=2 2 2 2 2 2
left_child=1 2 -1 -3 5 -2
right_child=4 3 -4 -5 -6 -7
leaf_value=1.7053542406575764e-05 0.0029254486211249325 -9.0280286526168773e-07 -0.00022666433445778998 0.00093155206046814708 0.00053028489096637642 0.0011719953766301222
leaf_weight=33 46 20 29 36 20 43
leaf_count=33 46 20 29 36 20 43
internal_value=0.00200881 -0.00284746 -0.0100645 0.00514286 0.00726606 0.008
internal_weight=227 118 62 56 109 89
internal_count=227 118 62 56 109 89
is_linear=0
shrinkage=0.08


Tree=40
num_leaves=7
num_cat=0
split_feature=30 18 3 1 0 0
split_gain=0.789382 1.46261 0.37037 0.100813 2.22045e-16 5.55112e-17
threshold=0.40350000000000003 0.44855000000000006 20.550000000000004 180467.95000000004 0.32615000000000005 0.71160000000000012
decision_type=2 2 2 2 2 2
left_child=1 2 -1 4 -2 -4
right_child=3 -3 5 -5 -6 -7
leaf_value=-2.7727975055037109e-05 0.0026937185502677935 -0.00041066079909659014 0.00020391878552189762 0.00042695862219202963 0.0011403153929175184 0.0015220053138997015
leaf_weight=27 35 32 22 30 58 23
leaf_count=27 35 32 22 30 58 23
internal_value=0.00236123 -0.00276923 0.00355556 0.00669919 0.008 0.008
internal_weight=227 104 72 123 93 45
internal_count=227 104 72 123 93 45
is_linear=0
shrinkage=0.08


Tree=41
num_leaves=6
num_cat=0
split_feature=36 0 0 41 30
split_gain=0.644285 0.661926 1.76245 0.558313 0.15991
threshold=0.40855000000000002 0.70710000000000017 0.52720000000000011 0.49323860553229826 0.43585000000000007
decision_type=2 2 2 2 2
left_child=4 2 3 -2 -1
right_child=1 -3 -4 -5 -6
leaf_value=0.0001086060777656676 -0.00015530608646883507 0.0010880879969006191 -0.00016969169280717209 0.00036382138191955567 0.0015886545878871893
leaf_weight=37 26 28 29 36 71
leaf_count=37 26 28 29 36 71
internal_value=0.00130397 -0.0027563 -0.00606593 0.00154839 0.00577778
internal_weight=227 119 91 62 108
internal_count=227 119 91 62 108
is_linear=0
shrinkage=0.08


Tree=42
num_leaves=7
num_cat=0
split_feature=11 40 18 18 3 0
split_gain=1.02037 0.837181 0.497226 0.170599 0.364138 1.11022e-16
threshold=0.13593538359397411 0.14170651953213853 0.70650000000000013 0.36420000000000002 22.050000000000004 0.50070000000000014
decision_type=2 2 2 2 2 2
left_child=1 -1 3 4 -2 -5
right_child=2 -3 -4 5 -6 -7
leaf_value=0.00016249400370955673 -3.0681648515803816e-05 -0.00014989333060576798 -0.00020387027093253792 0.0019458917022317037 0.00037780545359101028 0.00026205695365920568
leaf_weight=21 25 33 21 73 33 21
leaf_count=21 25 33 21 73 33 21
internal_value=0.00130397 -0.0082963 0.00430058 0.00589474 0.00248276 0.008
internal_weight=227 54 173 152 58 94
internal_count=227 54 173 152 58 94
is_linear=0
shrinkage=0.08


Tree=43
num_leaves=8
num_cat=0
split_feature=30 11 11 3 43 40 0
split_gain=0.819061 0.921536 1.35087 0.539842 0.888354 0.654675 1.11022e-16
threshold=0.53285000000000016 0.13593538359397411 0.13227347611484055 18.350000000000005 0.36585000000000006 0.15048860714668896 0.35850000000000004
decision_type=2 2 2 2 2 2 2
left_child=1 2 -1 -3 5 -5 -2
right_child=6 3 -4 4 -6 -7 -8
leaf_value=1.6416599716238926e-05 0.0038644335472574998 0.00083832212239405134 -0.00016394275902351397 0.00034139223750329908 0.0001502782430235588 -0.00024572994975610832 0.0011210597830947609
leaf_weight=22 42 43 20 22 29 28 21
leaf_count=22 42 43 20 22 29 28 21
internal_value=0.000246696 -0.00273171 -0.0129524 0.000786886 -0.00313924 -0.0096 0.008
internal_weight=227 164 42 122 79 50 63
internal_count=227 164 42 122 79 50 63
is_linear=0
shrinkage=0.08


Tree=44
num_leaves=8
num_cat=0
split_feature=30 0 24 9 11 0 0
split_gain=0.819061 0.687878 0.802053 0.850395 0.973099 1.11022e-16 1.11022e-16
threshold=0.53285000000000016 0.70710000000000017 0.57840000000000014 44.500000000000007 0.13852837862615061 0.35850000000000004 0.49265000000000009
decision_type=2 2 2 2 2 2 2
left_child=1 2 3 4 -1 -2 -6
right_child=5 -3 -4 -5 6 -7 -8
leaf_value=-4.4898974163430291e-05 0.0035552788634768983 0.00031678912674951235 -0.00012163469535526081 -0.00032302039446292048 0.0012957074264192071 0.0010313750004471822 0.00031328521092384361
leaf_weight=38 42 31 20 23 29 21 23
leaf_count=38 42 31 20 23 29 21 23
internal_value=0.000246696 -0.00273171 -0.00523308 -0.00261947 0.000888889 0.008 0.008
internal_weight=227 164 133 113 90 63 52
internal_count=227 164 133 113 90 63 52
is_linear=0
shrinkage=0.08


Tree=45
num_leaves=9
num_cat=0
split_feature=30 0 18 42 41 0 11 0
split_gain=0.610911 0.513066 0.656682 0.9 0.401077 0.245354 0.123077 1.11022e-16
threshold=0.53285000000000016 0.70710000000000017 0.37070000000000008 0.1448039922653743 0.49337923292393887 0.42885000000000001 0.13702293462192117 0.35850000000000004
decision_type=2 2 2 2 2 2 2 2
left_child=1 2 3 -1 5 -4 -6 -2
right_child=7 -3 4 -5 6 -7 -8 -9
leaf_value=0.00043218098189430127 0.0032708565543987469 0.00029144599660954921 2.1307933115972954e-06 -0.0001119039197268404 1.7274981448030823e-07 -0.00052577911553667461 0.00068539502778130871 0.00094886500041140617
leaf_weight=20 42 31 21 20 20 20 32 21
leaf_count=20 42 31 21 20 20 20 32 21
internal_value=0.00130397 -0.00126829 -0.00342857 -0.012 0.000258065 -0.00565854 0.00492308 0.008
internal_weight=227 164 133 40 93 41 52 63
internal_count=227 164 133 40 93 41 52 63
is_linear=0
shrinkage=0.08


Tree=46
num_leaves=8
num_cat=0
split_feature=30 0 0 2 41 11 0
split_gain=0.746293 0.626765 0.924514 0.40526 0.723508 0.289286 1.11022e-16
threshold=0.53285000000000016 0.70710000000000017 0.52720000000000011 409389.40000000008 0.49346115207373281 0.1411905043940235 0.35850000000000004
decision_type=2 2 2 2 2 2 2
left_child=1 2 3 4 -1 -5 -2
right_child=6 -3 -4 5 -6 -7 -8
leaf_value=-0.0001568010115511833 0.0030091880300468477 0.00026813031688078333 -7.9163085583214873e-05 -3.7897534115029386e-05 0.00067499313671106145 0.0016211560529298574 0.0008729558003784931
leaf_weight=23 42 31 33 20 21 36 21
leaf_count=23 42 31 33 20 21 36 21
internal_value=0.000599119 -0.0022439 -0.00463158 -0.0008 -0.00654545 0.00371429 0.008
internal_weight=227 164 133 100 44 56 63
internal_count=227 164 133 100 44 56 63
is_linear=0
shrinkage=0.08


Tree=47
num_leaves=7
num_cat=0
split_feature=30 43 0 10 11 0
split_gain=0.67691 0.568494 1.02278 0.434635 0.304839 1.11022e-16
threshold=0.53285000000000016 0.37865000000000004 0.52720000000000011 0.45162327586206902 0.14020499747294249 0.35850000000000004
decision_type=2 2 2 2 2 2
left_child=1 2 3 4 -1 -2
right_child=5 -3 -4 -5 -6 -7
leaf_value=-0.00010888647690577251 0.0027684529876431008 0.00024667989531796015 -7.2830038736557059e-05 -5.4740988347804085e-05 0.00082339253218600332 0.00080311933634821353
leaf_weight=20 42 31 33 38 42 21
leaf_count=20 42 31 33 38 42 21
internal_value=0.000951542 -0.0017561 -0.00403007 2.98023e-10 0.00412903 0.008
internal_weight=227 164 133 100 62 63
internal_count=227 164 133 100 62 63
is_linear=0
shrinkage=0.08


Tree=48
num_leaves=8
num_cat=0
split_feature=30 43 0 2 41 11 1
split_gain=0.572739 0.626765 0.924514 0.40526 0.723508 0.289286 0.034127
threshold=0.53285000000000016 0.37865000000000004 0.52720000000000011 409389.40000000008 0.49346115207373281 0.1411905043940235 161654.10000000001
decision_type=2 2 2 2 2 2 2
left_child=1 2 3 4 -1 -5 -2
right_child=6 -3 -4 5 -6 -7 -8
leaf_value=-0.00013641234043355665 0.0014547248489960702 0.0002269455036925235 -6.700363563763226e-05 -3.0486452318003066e-05 0.00055512228319929823 0.0014255921661205896 0.0016026589891993072
leaf_weight=23 43 31 33 20 21 36 20
leaf_count=23 43 31 33 20 21 36 20
internal_value=0.000246696 -0.0022439 -0.00463158 -0.0008 -0.00654545 0.00371429 0.00673016
internal_weight=227 164 133 100 44 56 63
internal_count=227 164 133 100 44 56 63
is_linear=0
shrinkage=0.08


Tree=49
num_leaves=7
num_cat=0
split_feature=30 43 24 9 11 1
split_gain=0.636696 0.607604 1.60545 0.95921 0.572973 0.034127
threshold=0.53285000000000016 0.38785000000000008 0.58595000000000008 44.500000000000007 0.13852837862615061 161654.10000000001
decision_type=2 2 2 2 2 2
left_child=1 2 3 4 -1 -2
right_child=5 -3 -4 -5 -6 -7
leaf_value=-5.2780096889390384e-05 0.0013383468610763856 0.0009224482941209847 -6.1746033763042412e-05 -0.00024373716738925973 0.00047445792268008459 0.001474446270063362
leaf_weight=37 43 28 22 24 53 20
leaf_count=37 43 28 22 24 53 20
internal_value=-0.000105727 -0.00273171 -0.00494118 -0.00112281 0.00266667 0.00673016
internal_weight=227 164 136 114 90 63
internal_count=227 164 136 114 90 63
is_linear=0
shrinkage=0.08


Tree=50
num_leaves=7
num_cat=0
split_feature=43 43 24 13 30 1
split_gain=0.764877 1.16559 1.42053 0.606438 0.549679 0.039011
threshold=0.081500000000000003 0.38785000000000008 0.51995000000000002 0.14051341008792803 0.39120000000000005 170719.40000000002
decision_type=2 2 2 2 2 2
left_child=3 2 -2 -1 -5 -6
right_child=1 -3 -4 4 5 -7
leaf_value=-8.7619139009701905e-05 -0.00010288931427429993 0.00063290891878670682 -5.6703662100880187e-05 -9.3533055759298909e-06 0.0010973713062593805 0.0005611083760928597
leaf_weight=29 28 35 23 21 71 20
leaf_count=29 28 35 23 21 71 20
internal_value=-0.00186784 -0.00781395 -0.0155294 0.00175887 0.00442857 0.00712088
internal_weight=227 86 51 141 112 91
internal_count=227 86 51 141 112 91
is_linear=0
shrinkage=0.08


Tree=51
num_leaves=7
num_cat=0
split_feature=43 43 24 11 22 1
split_gain=0.764877 1.16559 1.42053 0.655336 0.332468 1.11022e-16
threshold=0.081500000000000003 0.38785000000000008 0.51995000000000002 0.13593538359397411 0.42925000000000008 133576.45000000004
decision_type=2 2 2 2 2 2
left_child=3 2 -2 -1 -5 -6
right_child=1 -3 -4 4 5 -7
leaf_value=-6.7017598534456751e-05 -9.4658169132354702e-05 0.00058227620528377073 -5.2167369132809176e-05 -6.8075738453546583e-06 0.0015067192495799543 0.0016306178695398358
leaf_weight=36 28 35 23 33 43 29
leaf_count=36 28 35 23 33 43 29
internal_value=-0.00186784 -0.00781395 -0.0155294 0.00175887 0.00495238 0.008
internal_weight=227 86 51 141 105 72
internal_count=227 86 51 141 105 72
is_linear=0
shrinkage=0.08


Tree=52
num_leaves=7
num_cat=0
split_feature=43 43 24 11 22 1
split_gain=0.764877 1.16559 1.42053 0.655336 0.332468 1.11022e-16
threshold=0.081500000000000003 0.38785000000000008 0.51995000000000002 0.13593538359397411 0.42925000000000008 133576.45000000004
decision_type=2 2 2 2 2 2
left_child=3 2 -2 -1 -5 -6
right_child=1 -3 -4 4 5 -7
leaf_value=-6.1656190651701004e-05 -8.7085515601767143e-05 0.00053569410886106813 -4.7993979602184769e-05 -6.2629679377260437e-06 0.0013861817096135576 0.0015001684399766494
leaf_weight=36 28 35 23 33 43 29
leaf_count=36 28 35 23 33 43 29
internal_value=-0.00186784 -0.00781395 -0.0155294 0.00175887 0.00495238 0.008
internal_weight=227 86 51 141 105 72
internal_count=227 86 51 141 105 72
is_linear=0
shrinkage=0.08


Tree=53
num_leaves=9
num_cat=0
split_feature=22 12 39 26 42 32 1 0
split_gain=0.731201 0.630338 0.530565 0.727513 0.586748 0.809157 0.0307692 0.0267442
threshold=0.57840000000000014 0.43501984767025098 0.48803651515151519 0.30400000000000005 0.14537088020015845 0.42410000000000009 135160.50000000003 0.44040000000000007
decision_type=2 2 2 2 2 2 2 2
left_child=1 -1 -3 -4 7 -6 -2 -5
right_child=6 2 3 4 5 -7 -8 -9
leaf_value=0.0002616852060424548 0.0052766996038519278 -0.00013963355945902146 -3.3702879397661892e-05 0.00032696238431908868 -0.00019781940905260961 0.00038147141746768253 0.0031471123355670538 8.2882701384681857e-05
leaf_weight=23 32 26 27 20 26 30 20 23
leaf_count=23 32 26 27 20 26 30 20 23
internal_value=-0.00186784 -0.00434286 -0.00621053 -0.00406349 -0.000888889 -0.00628571 0.00646154 0.00613954
internal_weight=227 175 152 126 99 56 52 43
internal_count=227 175 152 126 99 56 52 43
is_linear=0
shrinkage=0.08


Tree=54
num_leaves=8
num_cat=0
split_feature=20 22 30 13 36 11 1
split_gain=0.873218 0.580293 1.33492 0.783691 0.705329 0.244216 0.148052
threshold=0.39845000000000003 0.57840000000000014 0.38790000000000008 0.15757386628855752 0.5082000000000001 0.1352110702174488 180467.95000000004
decision_type=2 2 2 2 2 2 2
left_child=5 2 3 4 -2 -1 -7
right_child=1 -3 -4 -5 -6 6 -8
leaf_value=-5.9420914023265438e-05 -4.4663184518680895e-05 0.0016337429028264122 -7.9815962698916198e-05 -0.00019867753071220717 0.00016937988582749932 0.00082370550293716705 0.00085263919872802577
leaf_weight=20 22 25 24 23 36 57 20
leaf_count=20 22 25 24 23 36 57 20
internal_value=-0.00186784 -0.00615385 -0.0087619 -0.00385185 0.00110345 0.00387629 0.00592208
internal_weight=227 130 105 81 58 97 77
internal_count=227 130 105 81 58 97 77
is_linear=0
shrinkage=0.08


Tree=55
num_leaves=6
num_cat=0
split_feature=0 43 42 26 1
split_gain=0.642023 1.21883 0.453365 0.470156 0.113442
threshold=0.52720000000000011 0.38785000000000008 0.1440337169553117 0.66575000000000017 97365.450000000026
decision_type=2 2 2 2 2
left_child=2 -2 -1 4 -4
right_child=1 -3 3 -5 -6
leaf_value=-3.5818148903793323e-05 -4.4795688794585829e-05 0.00046648161327071886 0.00026426038785778489 -6.8473465275569449e-05 0.00039434802582599465
leaf_weight=33 38 35 26 22 73
leaf_count=33 38 35 26 22 73
internal_value=-0.001163 -0.00734247 0.00176623 0.00403306 0.00638384
internal_weight=227 73 154 121 99
internal_count=227 73 154 121 99
is_linear=0
shrinkage=0.08


Tree=56
num_leaves=8
num_cat=0
split_feature=22 20 30 26 22 38 1
split_gain=0.794385 0.58988 1.37074 0.597258 0.579545 0.607994 0.0307692
threshold=0.57840000000000014 0.44025000000000009 0.32425000000000004 0.38840000000000002 0.40680000000000005 -0.23379999999999995 135160.50000000003
decision_type=2 2 2 2 2 2 2
left_child=1 4 3 -3 -1 -6 -2
right_child=6 2 -4 -5 5 -7 -8
leaf_value=0.00070999808636800421 0.0047506390510501269 0.00040808033558242687 -4.688358943931686e-05 -0.00017521597701870278 0.00031580743462233897 -6.4200385679367514e-05 0.0027366092231518127
leaf_weight=34 32 31 31 25 23 31 20
leaf_count=34 32 31 31 25 23 31 20
internal_value=-0.00222026 -0.0048 -0.00947126 -0.002 -0.000181818 -0.00533333 0.00646154
internal_weight=227 175 87 56 88 54 52
internal_count=227 175 87 56 88 54 52
is_linear=0
shrinkage=0.08


Tree=57
num_leaves=8
num_cat=0
split_feature=11 38 11 40 24 32 18
split_gain=0.89563 1.32432 0.695155 0.791064 0.555936 0.78332 0.739538
threshold=0.15449132771635751 -0.16869999999999996 0.13227347611484055 0.14302588005757932 0.36095000000000005 0.42410000000000009 0.29040000000000005
decision_type=2 2 2 2 2 2 2
left_child=1 -1 -3 -4 -2 -6 -7
right_child=4 2 3 -5 5 6 -8
leaf_value=0.00039630142448833917 0.0017777093960713222 -4.8923585281268096e-06 -0.00018321428469363605 -4.9536697368882091e-05 -0.00023307262162589989 -1.7185343135913034e-05 0.00070758266427954381
leaf_weight=28 44 21 22 25 24 22 41
leaf_count=28 44 21 22 25 24 22 41
internal_value=-0.00362996 -0.0095 -0.0155294 -0.0209362 0.000671756 -0.00303448 0.00165079
internal_weight=227 96 68 47 131 87 63
internal_count=227 96 68 47 131 87 63
is_linear=0
shrinkage=0.08


Tree=58
num_leaves=10
num_cat=0
split_feature=22 40 11 42 1 12 2 0 0
split_gain=0.735069 0.709273 1.17791 0.741435 0.736988 0.641819 0.814414 0.0267442 0.025
threshold=0.60600000000000009 0.14148969856763993 0.15449132771635751 0.14537088020015845 140572.35000000001 0.44176953437917227 531864.85000000021 0.34240000000000009 0.50350000000000017
decision_type=2 2 2 2 2 2 2 2 2
left_child=1 -1 3 4 -3 8 -7 -2 -4
right_child=7 2 5 -5 -6 6 -8 -9 -10
leaf_value=6.8248563776157975e-05 0.0047236131001725142 -0.00011544153862488879 0.0006790809576023829 -2.0801152678466129e-05 -0.00023749797135298151 -0.00013734572668762875 0.00094205135218011077 0.0040544451603247555 5.6733653350535566e-05
leaf_weight=22 23 22 20 21 21 35 23 20 20
leaf_count=22 23 22 20 21 21 35 23 20 20
internal_value=-0.00327753 -0.00547826 -0.00730864 -0.01575 -0.0217674 -0.00179592 -0.00717241 0.00613954 0.006
internal_weight=227 184 162 64 43 98 58 43 40
internal_count=227 184 162 64 43 98 58 43 40
is_linear=0
shrinkage=0.08


Tree=59
num_leaves=7
num_cat=0
split_feature=0 43 22 2 10 22
split_gain=0.823885 1.45613 0.470996 0.707101 1.14603 0.270677
threshold=0.52720000000000011 0.38785000000000008 0.62775000000000014 415397.85000000003 0.44592288135593228 0.41090000000000004
decision_type=2 2 2 2 2 2
left_child=2 -2 3 4 -1 -5
right_child=1 -3 -4 5 -6 -7
leaf_value=4.0616420530903701e-06 -5.1538828706122544e-05 0.00044079992199113358 0.0048456194281935048 0.00047248458655862503 -0.00022773211580910877 -1.6835920278528577e-05
leaf_weight=35 38 35 34 36 28 21
leaf_count=35 38 35 34 36 28 21
internal_value=-0.00362996 -0.0106301 -0.000311688 -0.00266667 -0.00850794 0.00378947
internal_weight=227 73 154 120 63 57
internal_count=227 73 154 120 63 57
is_linear=0
shrinkage=0.08


Tree=60
num_leaves=8
num_cat=0
split_feature=20 36 4 2 9 42 12
split_gain=0.837146 0.633006 0.670048 1.59071 0.475682 0.239035 0.38983
threshold=0.39845000000000003 0.6412000000000001 118.06500000000001 488623.0500000001 25.500000000000004 0.14572570844534247 0.44073310758513939
decision_type=2 2 2 2 2 2 2
left_child=5 2 3 4 -2 6 -1
right_child=1 -3 -4 -5 -6 -7 -8
leaf_value=0.0016323161955485404 1.2547588851322052e-05 0.00023883860796208639 8.8683074673598699e-07 -0.0001797936913814709 -5.6941433544118123e-05 0.0006214552842629202 -6.1721052506169511e-05
leaf_weight=23 20 32 30 25 23 38 36
leaf_count=23 20 32 30 25 23 38 36
internal_value=-0.00257269 -0.00676923 -0.00995918 -0.0143529 -0.00502326 0.00305155 -0.000135593
internal_weight=227 130 98 68 43 97 59
internal_count=227 130 98 68 43 97 59
is_linear=0
shrinkage=0.08


Tree=61
num_leaves=10
num_cat=0
split_feature=24 26 28 26 2 11 2 2 0
split_gain=0.664949 0.729179 1.75325 0.930408 0.860504 0.574648 0.4 0.0282609 1.11022e-16
threshold=0.36095000000000005 0.5041500000000001 0.28575000000000006 0.35200000000000004 640951.20000000007 0.14762021939817624 479563.50000000006 539616.00000000012 0.37285000000000007
decision_type=2 2 2 2 2 2 2 2 2
left_child=5 3 -3 4 6 -1 -2 -5 -7
right_child=1 2 -4 7 -6 8 -8 -9 -10
leaf_value=-4.5146035853948124e-05 -4.5192743683599996e-05 0.00057475633558683333 -0.00024694400907846717 0.00026637838257771268 0.00021113361189421879 0.0046390704066252989 -5.1067853156063907e-05 0.00041987118175152105 0.00056381371610330863
leaf_weight=20 20 22 20 26 28 31 20 20 20
leaf_count=20 20 22 20 26 28 31 20 20 20
internal_value=-0.00292511 -0.00584615 -0.0148571 -0.00252632 -0.00847059 0.00349296 -0.016 0.00626087 0.008
internal_weight=227 156 42 114 68 71 40 46 51
internal_count=227 156 42 114 68 71 40 46 51
is_linear=0
shrinkage=0.08


Tree=62
num_leaves=10
num_cat=0
split_feature=22 24 3 42 34 26 30 13 0
split_gain=0.604354 0.608853 0.688388 0.651289 0.511364 0.805218 0.926383 0.104762 0.025
threshold=0.62775000000000014 0.68190000000000006 22.650000000000002 0.14686613136171953 0.59420000000000006 0.40855000000000002 0.38255000000000006 0.14464264563738152 0.33910000000000007
decision_type=2 2 2 2 2 2 2 2 2
left_child=1 2 3 4 5 6 -1 -7 -2
right_child=8 -3 -4 -5 -6 7 -8 -9 -10
leaf_value=1.9970646735670006e-05 0.0042498506467131859 0.00094389062489445646 -0.00022366859984756488 0.0005124632670951547 -0.00012430154774064058 0.00035627816817788635 -4.7740138397880315e-05 1.3470012951200017e-05 0.0031807188578905029
leaf_weight=22 20 21 32 24 22 22 24 20 20
leaf_count=22 20 21 32 24 22 22 24 20 20
internal_value=-0.00292511 -0.00483422 -0.00645783 -0.0039403 -0.00654545 -0.00381818 -0.0111304 0.00419048 0.006
internal_weight=227 187 166 134 110 88 46 42 40
internal_count=227 187 166 134 110 88 46 42 40
is_linear=0
shrinkage=0.08


Tree=63
num_leaves=8
num_cat=0
split_feature=36 34 30 18 20 18 11
split_gain=0.85328 0.781008 0.698288 1.2237 0.741023 0.233333 0.129825
threshold=0.32285000000000003 0.56575000000000009 0.35700000000000004 0.40205000000000007 0.41270000000000001 0.35200000000000004 0.15193505717182523
decision_type=2 2 2 2 2 2 2
left_child=6 2 5 4 -4 -2 -1
right_child=1 -3 3 -5 -6 -7 -8
leaf_value=0.00039856738104817392 0.00062243618499204455 -0.00011088675231878769 -2.5181110587903223e-05 0.0017173763258634118 -0.00016181696025339593 -1.0592308866854594e-05 0.00053514942782631383
leaf_weight=20 28 23 20 34 33 32 37
leaf_count=20 28 23 20 34 33 32 37
internal_value=-0.00327753 -0.00611765 -0.00397279 -0.00855172 -0.0161509 0.00266667 0.00519298
internal_weight=227 170 147 87 53 60 57
internal_count=227 170 147 87 53 60 57
is_linear=0
shrinkage=0.08


Tree=64
num_leaves=8
num_cat=0
split_feature=12 22 36 10 0 0 2
split_gain=0.60377 0.603886 0.458355 0.814286 0.673759 0.624134 0.580762
threshold=0.43501984767025098 0.6765000000000001 0.32285000000000003 0.45838206958073152 0.71160000000000012 0.51760000000000017 423856.50000000006
decision_type=2 2 2 2 2 2 2
left_child=-1 2 -2 4 5 6 -4
right_child=1 -3 3 -5 -6 -7 -8
leaf_value=0.00030698698368770847 0.00047491189612584216 0.0031975321205449598 -3.8698236676971486e-05 -0.00019886234477350142 0.00074729209869870002 -0.00010295836327627592 3.4417490931228761e-05
leaf_weight=30 39 23 38 21 20 36 20
leaf_count=30 39 23 38 21 20 36 20
internal_value=-0.00257269 -0.00418274 -0.0057931 -0.008 -0.00533333 -0.00817021 -0.00303448
internal_weight=227 197 174 135 114 94 58
internal_count=227 197 174 135 114 94 58
is_linear=0
shrinkage=0.08


Tree=65
num_leaves=10
num_cat=0
split_feature=11 3 3 38 43 9 18 2 0
split_gain=0.51276 0.703247 0.451502 0.55081 0.512473 0.50643 0.142857 0.0282609 1.11022e-16
threshold=0.13412342469539626 18.350000000000005 17.400000000000002 -0.13064999999999993 0.16565000000000005 33.500000000000007 0.43315000000000009 506424.15000000008 0.38395000000000007
decision_type=2 2 2 2 2 2 2 2 2
left_child=1 -1 6 -4 7 -6 -2 -5 -8
right_child=2 -3 3 4 5 -7 8 -9 -10
leaf_value=-0.00015729033485690203 7.7218408705189154e-07 5.8861258029247014e-05 -0.00025538869302371231 7.7367828735670522e-05 -1.3560221720814809e-05 1.0495304944719321e-05 0.0017686067512809999 0.00023774866565423535 0.00042451376185403034
leaf_weight=20 20 22 22 20 21 26 21 26 29
leaf_count=20 20 22 22 20 21 26 21 26 29
internal_value=-0.001163 -0.00914286 0.000648649 -0.00243478 0.000258065 -0.00561702 0.00571429 0.00626087 0.008
internal_weight=227 42 185 115 93 47 70 46 50
internal_count=227 42 185 115 93 47 70 46 50
is_linear=0
shrinkage=0.08


Tree=66
num_leaves=8
num_cat=0
split_feature=11 18 42 42 0 32 40
split_gain=0.627019 0.98174 0.632446 0.744961 0.414238 0.544969 0.528814
threshold=0.15509480850728183 0.52360000000000018 0.14551107251080161 0.14397379901760524 0.41780000000000006 0.42410000000000009 0.15428934952558934
decision_type=2 2 2 2 2 2 2
left_child=1 2 3 -1 -2 -6 -7
right_child=4 -3 -4 -5 5 6 -8
leaf_value=-8.0564019401669039e-06 0.001009864449869284 0.00088188900979206631 3.6842171043149043e-05 -0.00019729254683805258 -0.00010533572720974306 0.00037316197178817445 -3.9104411243823856e-05
leaf_weight=31 39 21 21 26 30 39 20
leaf_count=31 39 21 21 26 30 39 20
internal_value=-0.00257269 -0.00735353 -0.0114872 -0.0158596 0.001125 -0.00188764 0.00257627
internal_weight=227 99 78 57 128 89 59
internal_count=227 99 78 57 128 89 59
is_linear=0
shrinkage=0.08


Tree=67
num_leaves=9
num_cat=0
split_feature=24 2 20 0 0 11 4 0
split_gain=0.755248 0.521303 0.728139 0.556783 1.25759 0.323239 0.25876 1.11022e-16
threshold=0.36095000000000005 423856.50000000006 0.52360000000000018 0.52720000000000011 0.69795000000000018 0.14762021939817624 98.110000000000014 0.37285000000000007
decision_type=2 2 2 2 2 2 2 2
left_child=5 2 -2 6 -5 -1 -3 -7
right_child=1 3 -4 4 -6 7 -8 -9
leaf_value=-9.7106870091482602e-06 -7.5391600253856911e-05 0.00039701950226402944 -0.00015294619918864211 -0.00010758336123189806 2.4216794734014932e-05 0.0036447162770084146 -3.9676293880042742e-05 0.00035606162437993384
leaf_weight=20 22 32 20 24 37 31 21 20
leaf_count=20 22 32 20 24 37 31 21 20
internal_value=-0.00222026 -0.00533333 -0.0129524 -0.00252632 -0.0077377 0.00461972 0.0034717 0.008
internal_weight=227 156 42 114 61 71 53 51
internal_count=227 156 42 114 61 71 53 51
is_linear=0
shrinkage=0.08


Tree=68
num_leaves=8
num_cat=0
split_feature=26 2 13 18 3 24 0
split_gain=0.693661 0.818182 0.625941 0.415703 0.16852 0.458089 0.0295918
threshold=0.30090000000000006 640951.20000000007 0.14045376734038104 0.70650000000000013 19.150000000000002 0.36095000000000005 0.31250000000000006
decision_type=2 2 2 2 2 2 2
left_child=1 -1 -2 4 5 6 -4
right_child=2 -3 3 -5 -6 -7 -8
leaf_value=-6.8929036451879333e-05 -7.5743592955250353e-05 0.00013998617830187799 1.5369273751574518e-05 -8.156564856911757e-05 3.9635027033943046e-05 -5.484560005799006e-05 0.0010766259961137851
leaf_weight=22 33 22 20 21 60 20 29
leaf_count=22 33 22 20 21 60 20 29
internal_value=-0.001163 -0.0101818 0.00100546 0.0032 0.00489922 0.0022029 0.00636735
internal_weight=227 44 183 150 129 69 49
internal_count=227 44 183 150 129 69 49
is_linear=0
shrinkage=0.08


Tree=69
num_leaves=8
num_cat=0
split_feature=44 32 24 18 10 3 0
split_gain=0.67806 0.575372 0.846749 0.750893 0.288312 0.513369 1.11022e-16
threshold=0.70776090449143514 0.59420000000000006 0.69310000000000016 0.65660000000000018 0.44592288135593228 19.150000000000002 0.52015000000000011
decision_type=2 2 2 2 2 2 2
left_child=-1 3 -3 4 6 -6 -2
right_child=1 2 -4 -5 5 -7 -8
leaf_value=-0.00012529038615758517 0.00032791210174254389 -0.000146947430830568 0.00078338416690635542 -9.0219945000349997e-05 -2.8574788523718937e-05 2.9639707976894417e-05 1.7872988871517857e-06
leaf_weight=21 53 25 21 20 34 32 21
leaf_count=21 53 25 21 20 34 32 21
internal_value=-0.001163 0.00023301 -0.00765217 0.0025 0.00457143 0.000727273 0.008
internal_weight=227 206 46 160 140 66 74
internal_count=227 206 46 160 140 66 74
is_linear=0
shrinkage=0.08


Tree=70
num_leaves=8
num_cat=0
split_feature=11 3 18 18 3 12 0
split_gain=0.535852 1.17731 0.921775 0.40711 0.223729 0.469128 1.11022e-16
threshold=0.13852837862615061 17.900000000000002 0.27995000000000009 0.70650000000000013 19.150000000000002 0.44215081590373762 0.69495000000000007
decision_type=2 2 2 2 2 2 2
left_child=1 -1 -2 4 5 -4 -6
right_child=2 -3 3 -5 6 -7 -8
leaf_value=-8.4820210268655573e-05 -5.6014296410460002e-05 0.00032265131282650935 0.00041528067957989829 -6.7822801083561467e-05 2.2948304559141444e-05 -4.0403237656219336e-05 2.3995968232177211e-05
leaf_weight=29 21 31 31 21 46 28 20
leaf_count=29 21 31 31 21 46 28 20
internal_value=-0.00151542 -0.008 0.000814372 0.00306849 0.0048 0.00122034 0.008
internal_weight=227 60 167 146 125 59 66
internal_count=227 60 167 146 125 59 66
is_linear=0
shrinkage=0.08


Tree=71
num_leaves=8
num_cat=0
split_feature=30 22 34 2 41 24 20
split_gain=0.559963 0.647575 0.49136 0.656894 0.307143 0.292897 0.219298
threshold=0.53285000000000016 0.48495000000000005 0.65075000000000005 423856.50000000006 0.49459281637770769 0.63485000000000014 0.44775000000000004
decision_type=2 2 2 2 2 2 2
left_child=1 2 3 -1 -2 6 -5
right_child=4 -3 -4 5 -6 -7 -8
leaf_value=-8.9296225301928447e-05 0.0015337373983973688 -2.678093844108452e-05 6.5750637485716707e-05 7.9139207531043405e-05 -0.00026181109704332507 -4.4230170968815233e-06 -1.1022676961782449e-06
leaf_weight=37 43 22 23 25 20 25 32
leaf_count=37 43 22 23 25 20 25 32
internal_value=-0.00222026 -0.00468293 -0.00270422 -0.00477311 0.00419048 -0.000780487 0.00238597
internal_weight=227 164 142 119 63 82 57
internal_count=227 164 142 119 63 82 57
is_linear=0
shrinkage=0.08


end of trees

feature_importances:
memory_usage=91
lag_3=64
lag_7=23
memory_rate_of_change=23
disk_iops=22
rolling_std_15min=22
network_tx=18
network_rx=15
lag_4=15
lag_1=14
lag_2=14
rolling_mean_15min=11
mem_rolling_mean_60min=11
lag_10=10
mem_rolling_std_60min=9
lag_5=8
lag_8=8
rolling_mean_60min=7
minute_of_hour=6
mem_rolling_std_15min=6
rolling_std_60min=5
lag_9=4
cpu_rate_of_change=4
request_rate=3
lag_6=3
mem_rolling_mean_15min=2
cpu_memory_ratio=1

parameters:
[boosting: gbdt]
[objective: quantile]
[metric: quantile]
[tree_learner: serial]
[device_type: cpu]
[data_sample_strategy: bagging]
[data: ]
[valid: ]
[num_iterations: 300]
[learning_rate: 0.08]
[num_leaves: 31]
[num_threads: 0]
[seed: 0]
[deterministic: 0]
[force_col_wise: 0]
[force_row_wise: 0]
[histogram_pool_size: -1]
[max_depth: -1]
[min_data_in_leaf: 20]
[min_sum_hessian_in_leaf: 0.001]
[bagging_fraction: 1]
[pos_bagging_fraction: 1]
[neg_bagging_fraction: 1]
[bagging_freq: 0]
[bagging_seed: 3]
[bagging_by_query: 0]
[feature_fraction: 1]
[feature_fraction_bynode: 1]
[feature_fraction_seed: 2]
[extra_trees: 0]
[extra_seed: 6]
[early_stopping_round: 0]
[early_stopping_min_delta: 0]
[first_metric_only: 0]
[max_delta_step: 0]
[lambda_l1: 0]
[lambda_l2: 0]
[linear_lambda: 0]
[min_gain_to_split: 0]
[drop_rate: 0.1]
[max_drop: 50]
[skip_drop: 0.5]
[xgboost_dart_mode: 0]
[uniform_drop: 0]
[drop_seed: 4]
[top_rate: 0.2]
[other_rate: 0.1]
[min_data_per_group: 100]
[max_cat_threshold: 32]
[cat_l2: 10]
[cat_smooth: 10]
[max_cat_to_onehot: 4]
[top_k: 20]
[monotone_constraints: ]
[monotone_constraints_method: basic]
[monotone_penalty: 0]
[feature_contri: ]
[forcedsplits_filename: ]
[refit_decay_rate: 0.9]
[cegb_tradeoff: 1]
[cegb_penalty_split: 0]
[cegb_penalty_feature_lazy: ]
[cegb_penalty_feature_coupled: ]
[path_smooth: 0]
[interaction_constraints: ]
[verbosity: -1]
[saved_feature_importance_type: 0]
[use_quantized_grad: 0]
[num_grad_quant_bins: 4]
[quant_train_renew_leaf: 0]
[stochastic_rounding: 1]
[linear_tree: 0]
[max_bin: 255]
[max_bin_by_feature: ]
[min_data_in_bin: 3]
[bin_construct_sample_cnt: 200000]
[data_random_seed: 1]
[is_enable_sparse: 1]
[enable_bundle: 1]
[use_missing: 1]
[zero_as_missing: 0]
[feature_pre_filter: 1]
[pre_partition: 0]
[two_round: 0]
[header: 0]
[label_column: ]
[weight_column: ]
[group_column: ]
[ignore_column: ]
[categorical_feature: ]
[forcedbins_filename: ]
[precise_float_parser: 0]
[parser_config_file: ]
[objective_seed: 5]
[num_class: 1]
[is_unbalance: 0]
[scale_pos_weight: 1]
[sigmoid: 1]
[boost_from_average: 1]
[reg_sqrt: 0]
[alpha: 0.1]
[fair_c: 1]
[poisson_max_delta_step: 0.7]
[tweedie_variance_power: 1.5]
[lambdarank_truncation_level: 30]
[lambdarank_norm: 1]
[label_gain: ]
[lambdarank_position_bias_regularization: 0]
[eval_at: ]
[multi_error_top_k: 1]
[auc_mu_weights: ]
[num_machines: 1]
[local_listen_port: 12400]
[time_out: 120]
[machine_list_filename: ]
[machines: ]
[gpu_platform_id: -1]
[gpu_device_id: -1]
[gpu_device_id_list: ]
[gpu_use_dp: 0]
[num_gpu: 1]

end of parameters

pandas_categorical:[]
